0,0.06575,0.25492963,0.417
1,0.13375,0.2677617,0.438
2,0.04325,0.2518242,0.385
3,0.12925,0.25548437,0.4425
4,0.0995,0.25660154,0.503
5,0.1245,0.26133984,0.4945
6,0.13125,0.25848436,0.4945
7,0.08575,0.25263283,0.4215
8,0.072,0.2619258,0.41825
9,0.17275,0.27470702,0.4825
10,0.1485,0.2754297,0.482
11,0.17125,0.26596877,0.5025
12,0.148,0.2739531,0.5025
13,0.12725,0.26747656,0.494
14,0.15975,0.25929293,0.44575
15,0.13925,0.25886327,0.424
16,0.14025,0.2628945,0.424
17,0.136,0.25690234,0.497
18,0.166,0.25229686,0.48575
19,0.13025,0.2548359,0.39925
20,0.0745,0.2545039,0.39925
21,0.08875,0.25429687,0.43825
22,0.10875,0.2541133,0.43825
23,0.18175,0.26395312,0.4815
24,0.123,0.24990627,0.4475
25,0.08625,0.25747654,0.40775
26,0.18775,0.2566172,0.4095
27,0.1265,0.25016016,0.40775
28,0.1805,0.2537422,0.4035
29,0.1105,0.25407422,0.4035
30,0.181,0.25701955,0.41525
31,0.16075,0.26005858,0.41525
32,0.136,0.25803903,0.46975
33,0.12775,0.25501174,0.39225
34,0.17975,0.25177345,0.39225
35,0.0885,0.2498711,0.39225
36,0.192,0.25796485,0.39275
37,0.16325,0.25882423,0.39225
38,0.17575,0.25844923,0.39225
39,0.177,0.25754297,0.39225
40,0.2035,0.25625783,0.39225
41,0.18925,0.25384763,0.421
42,0.11225,0.2502969,0.4145
43,0.099,0.25344923,0.4235
44,0.2145,0.25577733,0.4235
45,0.12225,0.25329688,0.389
46,0.15975,0.2540625,0.389
47,0.11975,0.25387892,0.38925
48,0.15025,0.25032032,0.313
49,0.2055,0.25501174,0.372
50,0.1985,0.2539414,0.30475
51,0.20375,0.25829297,0.46625
52,0.2305,0.25893357,0.486
53,0.183,0.25767967,0.486
54,0.14175,0.25583985,0.39725
55,0.1895,0.25222656,0.3345
56,0.21775,0.25470704,0.373
57,0.20525,0.25655857,0.438
58,0.229,0.25433984,0.391
59,0.11525,0.25226954,0.391
60,0.13625,0.25372267,0.37125
61,0.17575,0.25731638,0.42875
62,0.21825,0.2577148,0.42875
63,0.109,0.25647265,0.5215
64,0.1855,0.253,0.42875
65,0.05175,0.2509883,0.429
66,0.13275,0.25183594,0.429
67,0.19175,0.2511758,0.433
68,0.25,0.25855076,0.434
69,0.181,0.25556248,0.435
70,0.19125,0.25153515,0.338
71,0.1185,0.25840625,0.556
72,0.21725,0.25326562,0.431
73,0.1875,0.25170314,0.3845
74,0.1955,0.25182423,0.3845
75,0.193,0.24945703,0.311
76,0.12825,0.24846093,0.347
77,0.1345,0.25074217,0.323
78,0.2,0.25947267,0.45075
79,0.1795,0.25776953,0.45075
80,0.0925,0.25619534,0.45075
81,0.192,0.25138673,0.45075
82,0.20575,0.25746095,0.45075
83,0.21625,0.26087892,0.44125
84,0.25,0.26158205,0.48625
85,0.141,0.25585938,0.48625
86,0.24975,0.2577578,0.48625
87,0.177,0.25682032,0.43975
88,0.1365,0.25675002,0.43975
89,0.20675,0.26175782,0.50675
90,0.19375,0.2631328,0.48375
91,0.18375,0.25821093,0.4645
92,0.19925,0.25596875,0.37825
93,0.25,0.25918362,0.39425
94,0.1265,0.25359768,0.3935
95,0.1905,0.25697264,0.4455
96,0.1685,0.2524375,0.333
97,0.20525,0.25314453,0.339
98,0.21075,0.25762498,0.48
99,0.2415,0.25910157,0.48
100,0.1435,0.25624996,0.40775
101,0.18075,0.25372657,0.3925
102,0.2305,0.25473437,0.375
103,0.23225,0.2523711,0.37775
104,0.1335,0.24766797,0.30025
105,0.15825,0.25010547,0.317
106,0.2045,0.25385547,0.4075
107,0.12625,0.24908203,0.31425
108,0.14625,0.2475039,0.3035
109,0.16525,0.24991407,0.3395
110,0.10375,0.24980469,0.35425
111,0.204,0.25310937,0.36575
112,0.1295,0.2515664,0.358
113,0.189,0.2535508,0.39275
114,0.15,0.2505781,0.39125
115,0.2495,0.2531211,0.299
116,0.04775,0.25181642,0.38425
117,0.24425,0.25621876,0.412
118,0.19025,0.26121095,0.52175
119,0.11875,0.25578907,0.52475
120,0.18075,0.2535664,0.5255
121,0.1665,0.25596485,0.511
122,0.1745,0.2541289,0.42025
123,0.19975,0.25612497,0.42175
124,0.197,0.25605077,0.42175
125,0.1585,0.2550781,0.42175
126,0.18725,0.2560156,0.39675
127,0.1635,0.25616014,0.42175
128,0.15875,0.25397265,0.40825
129,0.12775,0.24921486,0.40825
130,0.20075,0.25189847,0.3615
131,0.219,0.25498047,0.3615
132,0.06625,0.2507344,0.36775
133,0.1805,0.25733984,0.3785
134,0.137,0.25184765,0.337
135,0.15525,0.25497264,0.40475
136,0.1675,0.25160155,0.33625
137,0.1895,0.25536326,0.35725
138,0.24275,0.25506252,0.3565
139,0.18875,0.25261328,0.3865
140,0.0935,0.24950388,0.3245
141,0.25,0.25691015,0.362
142,0.1875,0.2526836,0.377
143,0.22775,0.25439844,0.369
144,0.2355,0.2558945,0.46675
145,0.12925,0.25026563,0.3865
146,0.132,0.24977733,0.3865
147,0.11675,0.2515781,0.3865
148,0.20575,0.2513125,0.301
149,0.173,0.25602344,0.48575
150,0.23725,0.25701565,0.48575
151,0.1915,0.25579298,0.38925
152,0.2345,0.25710154,0.41775
153,0.24775,0.2580117,0.41775
154,0.0895,0.2501914,0.41625
155,0.2365,0.25677344,0.441
156,0.17875,0.25411716,0.401
157,0.17825,0.25021484,0.38325
158,0.21475,0.2533711,0.38925
159,0.234,0.25583985,0.36725
160,0.10725,0.24989063,0.35775
161,0.1265,0.25058204,0.35775
162,0.22175,0.25139454,0.35775
163,0.18375,0.2523711,0.33875
164,0.24975,0.2619258,0.51225
165,0.22425,0.25938284,0.51225
166,0.1495,0.2511797,0.3585
167,0.1945,0.25357813,0.3965
168,0.14625,0.25514844,0.3965
169,0.12675,0.25326172,0.4205
170,0.12575,0.25176954,0.4205
171,0.2305,0.259582,0.4285
172,0.25,0.25686327,0.4285
173,0.05375,0.250125,0.43525
174,0.1555,0.25254688,0.41725
175,0.1905,0.25216407,0.416
176,0.20025,0.2513281,0.31625
177,0.12325,0.24975389,0.362
178,0.133,0.25037497,0.373
179,0.183,0.2531328,0.38675
180,0.24775,0.25514454,0.37875
181,0.21775,0.25367188,0.37025
182,0.19325,0.25216797,0.3485
183,0.1635,0.25223047,0.3485
184,0.17425,0.25335157,0.3775
185,0.12125,0.25061718,0.3385
186,0.118,0.24664843,0.37225
187,0.10975,0.24889845,0.41625
188,0.22825,0.2575117,0.41625
189,0.19125,0.25694922,0.5485
190,0.20125,0.25943363,0.5995
191,0.17475,0.26088282,0.5995
192,0.20825,0.25491798,0.40375
193,0.219,0.2539336,0.3705
194,0.1265,0.25152734,0.3705
195,0.0905,0.25292188,0.382
196,0.0995,0.2486758,0.382
197,0.175,0.25471097,0.4675
198,0.148,0.25808203,0.4675
199,0.24025,0.25877732,0.36975
200,0.1795,0.25925782,0.40725
