0,0.022222223,0.3552083,0.6666667
1,0.0,0.3423611,0.6666667
2,0.022222223,0.3375,0.6666667
3,0.0,0.3371528,0.6666667
4,0.0,0.3184028,0.46666667
5,0.0,0.3232639,0.6666667
6,0.044444446,0.32881948,0.6888889
7,0.044444446,0.33333334,0.9111111
8,0.06666667,0.34548613,0.9111111
9,0.06666667,0.340625,0.7111111
10,0.0,0.33472225,0.73333335
11,0.022222223,0.34062505,0.73333335
12,0.0,0.30694446,0.33333334
13,0.0,0.31909725,0.33333334
14,0.0,0.3225695,0.33333334
15,0.0,0.32187504,0.33333334
16,0.0,0.34097221,0.6666667
17,0.0,0.33263892,0.6666667
18,0.0,0.3263889,0.5555556
19,0.044444446,0.33402777,0.6666667
20,0.044444446,0.33402777,0.6666667
21,0.2,0.33645838,0.6666667
22,0.2,0.33784726,0.6666667
23,0.2,0.33125007,0.33333334
24,0.2,0.33750004,0.5555556
25,0.2,0.33750004,0.5555556
26,0.022222223,0.3326389,0.6666667
27,0.2,0.3461806,0.6666667
28,0.08888889,0.33923614,0.64444447
29,0.044444446,0.33437502,0.64444447
30,0.022222223,0.33159724,0.6666667
31,0.33333334,0.34340277,0.6666667
32,0.33333334,0.33888888,0.64444447
33,0.33333334,0.3340278,0.37777779
34,0.2888889,0.33333337,0.37777779
35,0.044444446,0.33159727,0.4888889
36,0.022222223,0.32743058,0.4888889
37,0.31111112,0.34375006,0.64444447
38,0.2,0.3395834,0.64444447
39,0.26666668,0.35,0.6666667
40,0.11111111,0.34444442,0.6666667
41,0.0,0.33993053,0.64444447
42,0.33333334,0.346875,0.82222223
43,0.33333334,0.346875,0.82222223
44,0.33333334,0.3517361,0.6666667
45,0.15555556,0.3420139,0.6666667
46,0.33333334,0.3385417,0.6666667
47,0.15555556,0.33611116,0.6666667
48,0.31111112,0.34583336,0.64444447
49,0.15555556,0.33923614,0.64444447
50,0.33333334,0.3381945,0.64444447
51,0.33333334,0.34756947,0.64444447
52,0.33333334,0.34270835,0.64444447
53,0.33333334,0.3482639,0.6666667
54,0.33333334,0.34756947,0.9111111
55,0.33333334,0.34305555,0.6666667
56,0.33333334,0.33333337,0.33333334
57,0.0,0.3322917,0.6
58,0.06666667,0.33125004,0.6
59,0.2,0.33888894,0.6
60,0.33333334,0.33784726,0.62222224
61,0.2888889,0.33229172,0.33333334
62,0.33333334,0.33333337,0.33333334
63,0.044444446,0.3288195,0.33333334
64,0.33333334,0.33680558,0.5555556
65,0.31111112,0.33750004,0.5555556
66,0.0,0.32361117,0.33333334
67,0.0,0.32951394,0.5555556
68,0.2,0.33888888,0.64444447
69,0.0,0.33125,0.64444447
70,0.0,0.328125,0.64444447
71,0.0,0.33194447,0.5555556
72,0.0,0.32812503,0.5555556
73,0.0,0.32291672,0.35555556
74,0.06666667,0.33472228,0.64444447
75,0.06666667,0.32638896,0.35555556
76,0.022222223,0.3232639,0.35555556
77,0.022222223,0.32465282,0.35555556
78,0.022222223,0.33402783,0.6666667
79,0.022222223,0.3336806,0.6666667
80,0.022222223,0.3336806,0.6666667
81,0.33333334,0.3385417,0.6666667
82,0.33333334,0.33333337,0.33333334
83,0.0,0.33333334,0.6666667
84,0.0,0.33333334,0.6666667
85,0.0,0.33333334,0.6666667
86,0.33333334,0.3385417,0.6666667
87,0.33333334,0.3385417,0.6666667
88,0.33333334,0.3385417,0.6666667
89,0.33333334,0.3385417,0.6666667
90,0.31111112,0.3381945,0.6666667
91,0.31111112,0.33923614,0.6666667
92,0.33333334,0.34444442,0.6666667
93,0.33333334,0.34375,0.6666667
94,0.33333334,0.33333337,0.33333334
95,0.33333334,0.33333337,0.33333334
96,0.022222223,0.3336806,0.6666667
97,0.0,0.32847226,0.6666667
98,0.0,0.33680555,0.6666667
99,0.33333334,0.33333337,0.33333334
100,0.044444446,0.32777783,0.33333334
101,0.06666667,0.32812503,0.33333334
102,0.06666667,0.33090284,0.44444445
103,0.06666667,0.32916674,0.33333334
104,0.06666667,0.32916674,0.33333334
105,0.31111112,0.33298618,0.33333334
106,0.0,0.3225695,0.33333334
107,0.0,0.3225695,0.33333334
108,0.31111112,0.33298618,0.33333334
109,0.31111112,0.3336806,0.37777779
110,0.31111112,0.3381945,0.6666667
111,0.2888889,0.33576393,0.53333336
112,0.2888889,0.34131947,0.6666667
113,0.31111112,0.33645838,0.5555556
114,0.31111112,0.3381945,0.6666667
115,0.11111111,0.33506948,0.6666667
116,0.33333334,0.3385417,0.6666667
117,0.33333334,0.3385417,0.6666667
118,0.08888889,0.33125004,0.6666667
119,0.33333334,0.34375,0.6666667
120,0.33333334,0.3385417,0.6666667
121,0.33333334,0.3385417,0.6666667
122,0.33333334,0.3385417,0.6666667
123,0.33333334,0.3385417,0.6666667
124,0.022222223,0.33298615,0.6666667
125,0.0,0.33333334,0.6666667
126,0.33333334,0.3385417,0.6666667
127,0.33333334,0.3388889,0.6666667
128,0.33333334,0.3388889,0.6666667
129,0.33333334,0.33437502,0.37777779
130,0.33333334,0.3336806,0.35555556
131,0.33333334,0.3336806,0.35555556
132,0.022222223,0.33333337,0.64444447
133,0.022222223,0.3319445,0.5555556
134,0.022222223,0.32638896,0.35555556
135,0.022222223,0.32638896,0.35555556
136,0.022222223,0.33402783,0.6666667
137,0.22222222,0.33680558,0.6666667
138,0.08888889,0.32986116,0.35555556
139,0.15555556,0.33576393,0.6666667
140,0.022222223,0.3309028,0.6666667
141,0.15555556,0.33055562,0.33333334
142,0.15555556,0.33055562,0.33333334
143,0.022222223,0.3302084,0.62222224
144,0.044444446,0.3288195,0.33333334
145,0.15555556,0.33055562,0.33333334
146,0.2888889,0.33750004,0.6666667
147,0.044444446,0.33125004,0.46666667
148,0.044444446,0.32777783,0.46666667
149,0.044444446,0.33090284,0.46666667
150,0.044444446,0.3284723,0.33333334
151,0.044444446,0.33333337,0.64444447
152,0.2,0.33263895,0.37777779
153,0.15555556,0.33298618,0.62222224
154,0.2,0.34062505,0.64444447
155,0.33333334,0.3381945,0.64444447
156,0.11111111,0.32986116,0.33333334
157,0.15555556,0.33055562,0.33333334
158,0.022222223,0.3284723,0.33333334
159,0.022222223,0.3284723,0.33333334
160,0.022222223,0.32847226,0.5777778
161,0.044444446,0.3309028,0.5777778
162,0.044444446,0.33402783,0.6666667
163,0.044444446,0.33402783,0.6666667
164,0.044444446,0.33402783,0.6666667
165,0.044444446,0.33194444,0.6666667
166,0.044444446,0.3322917,0.53333336
167,0.044444446,0.3274306,0.75555557
168,0.06666667,0.3256945,0.35555556
169,0.022222223,0.3256945,0.35555556
170,0.022222223,0.3225695,0.64444447
171,0.15555556,0.33576393,0.6666667
172,0.08888889,0.33194447,0.6666667
173,0.044444446,0.33125004,0.6666667
174,0.15555556,0.33437505,0.6666667
175,0.11111111,0.3375,0.6666667
176,0.15555556,0.33576393,0.6666667
177,0.13333334,0.3274306,0.33333334
178,0.13333334,0.32812503,0.33333334
179,0.11111111,0.32986116,0.33333334
180,0.0,0.32986113,0.6666667
181,0.0,0.33333334,0.6666667
182,0.33333334,0.33333337,0.33333334
183,0.33333334,0.33333337,0.33333334
184,0.33333334,0.33333337,0.33333334
185,0.0,0.32812503,0.33333334
186,0.33333334,0.3385417,0.6666667
187,0.33333334,0.3385417,0.6666667
188,0.33333334,0.3385417,0.6666667
189,0.33333334,0.34375,0.6666667
190,0.022222223,0.3336806,0.6666667
191,0.022222223,0.33333337,0.6666667
192,0.022222223,0.3288195,0.35555556
193,0.33333334,0.3388889,0.6666667
194,0.33333334,0.3385417,0.6666667
195,0.31111112,0.34270838,0.6666667
196,0.31111112,0.3434028,0.6666667
197,0.31111112,0.3381945,0.6666667
198,0.33333334,0.3385417,0.6666667
199,0.33333334,0.34375,0.6666667
200,0.06666667,0.33437505,0.6666667
