0,0.23975,0.2798,0.398
1,0.1995,0.271575,0.398
2,0.1465,0.25910002,0.43475
3,0.178,0.253075,0.3135
4,0.1085,0.260425,0.33075
5,0.191,0.26745,0.35875
6,0.14,0.27815002,0.37525
7,0.1525,0.2619,0.372
8,0.12,0.2502,0.39225
9,0.07375,0.24825001,0.398
10,0.1245,0.24960001,0.398
11,0.21175,0.26615,0.39725
12,0.1315,0.23382501,0.2975
13,0.09925,0.25367498,0.4025
14,0.15275,0.26865,0.3925
15,0.2205,0.2793,0.3925
16,0.098,0.23462501,0.3225
17,0.21775,0.255425,0.3225
18,0.209,0.26027498,0.32625
19,0.21525,0.26485,0.35425
20,0.20825,0.27327502,0.354
21,0.18225,0.24272501,0.28325
22,0.141,0.270125,0.4265
23,0.12775,0.248525,0.33725
24,0.14325,0.244825,0.2915
25,0.1455,0.23085001,0.2875
26,0.111,0.24247499,0.36475
27,0.132,0.235975,0.28775
28,0.112,0.23545,0.2885
29,0.12375,0.22502498,0.34825
30,0.21275,0.27309996,0.43025
31,0.119,0.25227502,0.37925
32,0.24225,0.2779,0.34675
33,0.192,0.27045,0.37925
34,0.17825,0.24577501,0.37925
35,0.133,0.24375,0.37925
36,0.22475,0.278275,0.3975
37,0.19775,0.28500003,0.4535
38,0.171,0.303375,0.48075
39,0.21325,0.277225,0.3975
40,0.22875,0.29395,0.3975
41,0.1295,0.26765,0.3975
42,0.18075,0.29347497,0.3975
43,0.185,0.3242,0.45425
44,0.185,0.32347503,0.45425
45,0.2085,0.310675,0.45425
46,0.12525,0.276725,0.397
47,0.22825,0.27515,0.37525
48,0.144,0.253375,0.31525
49,0.17475,0.24985,0.329
50,0.16525,0.25552502,0.315
51,0.20375,0.2694,0.39075
52,0.128,0.25292498,0.3265
53,0.13025,0.2526,0.34925
54,0.2005,0.264175,0.3195
55,0.069,0.242825,0.33375
56,0.13325,0.25544998,0.33375
57,0.25,0.30815,0.48975
58,0.052,0.2893,0.48975
59,0.06975,0.263475,0.372
60,0.13775,0.264575,0.404
61,0.17375,0.24594998,0.372
62,0.19075,0.23854999,0.349
63,0.1735,0.25877503,0.39975
64,0.194,0.2612,0.31725
65,0.21325,0.2822,0.37425
66,0.22775,0.292525,0.39725
67,0.19275,0.29095,0.4165
68,0.18075,0.29125002,0.46325
69,0.1855,0.290775,0.52675
70,0.25,0.30444998,0.48025
71,0.18625,0.29675004,0.39525
72,0.18525,0.27047497,0.30675
73,0.118,0.275825,0.41725
74,0.1275,0.256425,0.4015
75,0.2165,0.27757502,0.4015
76,0.125,0.2923,0.5605
77,0.1655,0.27934998,0.44425
78,0.1765,0.257375,0.36925
79,0.17425,0.28135,0.494
80,0.25,0.296,0.494
81,0.24625,0.298225,0.494
82,0.1625,0.2835,0.40425
83,0.25,0.315,0.4685
84,0.1165,0.26799998,0.4485
85,0.171,0.28432497,0.415
86,0.187,0.26982504,0.3995
87,0.1025,0.26,0.382
88,0.15575,0.2678,0.3895
89,0.14625,0.29822502,0.4225
90,0.25,0.31960002,0.4315
91,0.25,0.30592498,0.4315
92,0.071,0.28535,0.4315
93,0.1325,0.26372498,0.3695
94,0.25,0.309,0.37625
95,0.21825,0.28072497,0.369
96,0.13925,0.275325,0.4155
97,0.08425,0.280575,0.533
98,0.25,0.30275,0.4405
99,0.181,0.2946,0.431
100,0.20375,0.2808,0.431
101,0.11425,0.287875,0.50075
102,0.1595,0.265375,0.37775
103,0.13075,0.247925,0.3335
104,0.144,0.23342499,0.342
105,0.076,0.25137502,0.46425
106,0.185,0.2607,0.406
107,0.2015,0.2728,0.4845
108,0.2025,0.2837,0.4845
109,0.25,0.28864998,0.37725
110,0.09525,0.269125,0.467
111,0.197,0.27362502,0.44125
112,0.18675,0.27640003,0.44125
113,0.23675,0.297675,0.4845
114,0.21075,0.2622,0.42325
115,0.16575,0.26135,0.4195
116,0.17725,0.24977498,0.36475
117,0.158,0.269225,0.40275
118,0.23725,0.29299998,0.4385
119,0.178,0.2985,0.62475
120,0.228,0.31985,0.59425
121,0.16325,0.33432502,0.60275
122,0.22375,0.30304998,0.51425
123,0.25,0.30460003,0.3575
124,0.25,0.31205,0.4775
125,0.12575,0.285125,0.37675
126,0.181,0.27414998,0.37675
127,0.185,0.256275,0.418
128,0.177,0.2388,0.30825
129,0.2115,0.27155,0.34675
130,0.23525,0.26299998,0.31175
131,0.25,0.28204998,0.36075
132,0.197,0.276675,0.365
133,0.15025,0.258375,0.4205
134,0.21075,0.26749998,0.33125
135,0.188,0.273125,0.37075
136,0.2065,0.27522498,0.363
137,0.18325,0.258975,0.3825
138,0.1355,0.23635001,0.32825
139,0.17925,0.252525,0.3225
140,0.17625,0.26722497,0.34125
141,0.14925,0.23255,0.28625
142,0.1725,0.24199998,0.32525
143,0.13725,0.22797498,0.27975
144,0.14425,0.25792497,0.32575
145,0.22675,0.281175,0.37775
146,0.124,0.26875,0.37775
147,0.194,0.3013,0.4445
148,0.14775,0.28457502,0.3385
149,0.179,0.268225,0.32425
150,0.1875,0.2619,0.3355
151,0.088,0.282,0.4465
152,0.2495,0.29697502,0.40825
153,0.19175,0.288825,0.39525
154,0.16525,0.270575,0.39525
155,0.09375,0.258625,0.42225
156,0.19775,0.28685004,0.36575
157,0.20825,0.29457504,0.479
158,0.25,0.285275,0.386
159,0.1845,0.27494997,0.33875
160,0.17525,0.27537498,0.35475
161,0.1305,0.26099998,0.35475
162,0.249,0.276725,0.35475
163,0.164,0.24967499,0.35475
164,0.2385,0.2635,0.346
165,0.17825,0.25135,0.28375
166,0.06,0.24732502,0.3745
167,0.0465,0.2378,0.3745
168,0.1535,0.24594998,0.363
169,0.091,0.235375,0.363
170,0.211,0.26,0.363
171,0.25,0.279625,0.4395
172,0.2155,0.261525,0.39625
173,0.14925,0.25625,0.39725
174,0.11125,0.258775,0.37275
175,0.1115,0.2409,0.3725
176,0.11375,0.24177499,0.277
177,0.19875,0.2661,0.40825
178,0.13075,0.24939999,0.35225
179,0.1445,0.24275,0.2765
180,0.039,0.2243,0.27525
181,0.19325,0.24895,0.31125
182,0.1705,0.2493,0.31125
183,0.0695,0.226775,0.31325
184,0.19725,0.2568,0.3485
185,0.16125,0.2576,0.37625
186,0.17825,0.24632499,0.3485
187,0.19925,0.269025,0.36525
188,0.19975,0.252325,0.3335
189,0.24075,0.27965003,0.36275
190,0.196,0.261275,0.36275
191,0.14675,0.25570002,0.42775
192,0.20525,0.2842,0.439
193,0.22875,0.2722,0.4355
194,0.07275,0.252025,0.39575
195,0.17625,0.23792501,0.3505
196,0.22275,0.262325,0.35975
197,0.1895,0.26885,0.3265
198,0.213,0.26495,0.3285
199,0.25,0.26467502,0.3185
200,0.25,0.287925,0.489
