0,0.0,0.14734639,0.36871508
1,0.0,0.1333799,0.36871508
2,0.0,0.11723116,0.36871508
3,0.0,0.12028633,0.36871508
4,0.0,0.1538059,0.36871508
5,0.0,0.13198327,0.36871508
6,0.0,0.137308,0.36871508
7,0.0,0.14289458,0.36871508
8,0.0,0.14743368,0.43575418
9,0.0,0.13111037,0.36871508
10,0.0,0.18016763,0.36871508
11,0.0,0.17885828,0.36871508
12,0.0,0.17353356,0.36871508
13,0.0,0.14856847,0.36871508
14,0.0,0.14787015,0.36871508
15,0.0,0.1483939,0.36871508
16,0.0,0.13486385,0.36871508
17,0.0,0.13879193,0.36871508
18,0.0,0.12194487,0.36871508
19,0.0,0.12796791,0.36871508
20,0.0,0.1391411,0.36871508
21,0.0,0.16410619,0.36871508
22,0.0,0.14333105,0.36871508
23,0.0,0.16078915,0.36871508
24,0.0,0.16201122,0.36871508
25,0.0,0.15782127,0.36871508
26,0.0,0.14891765,0.37988827
27,0.0,0.150227,0.36871508
28,0.0,0.14402936,0.36871508
29,0.0,0.13067392,0.36871508
30,0.0,0.12726958,0.36871508
31,0.0,0.12918997,0.36871508
32,0.0,0.14891762,0.36871508
33,0.0,0.1399267,0.36871508
34,0.0,0.14106148,0.41899443
35,0.0,0.13189597,0.36871508
36,0.0,0.13669695,0.36871508
37,0.0,0.1363478,0.36871508
38,0.0,0.14141065,0.36871508
39,0.0,0.14664808,0.36871508
40,0.0,0.1344274,0.36871508
41,0.0,0.14333104,0.36871508
42,0.0,0.13111037,0.36871508
43,0.0,0.1363478,0.36871508
44,0.0,0.14114878,0.36871508
45,0.0,0.14385478,0.36871508
46,0.0,0.13599864,0.36871508
47,0.0,0.12918998,0.36871508
48,0.0,0.152933,0.36871508
49,0.0,0.14114879,0.36871508
50,0.0,0.1252619,0.36871508
51,0.0,0.13049933,0.36871508
52,0.0,0.13660967,0.36871508
53,0.0,0.13678424,0.36871508
54,0.0,0.12491273,0.36871508
55,0.0,0.13704611,0.36871508
56,0.0,0.13861735,0.37430167
57,0.0,0.15406777,0.37430167
58,0.0,0.14577517,0.36871508
59,0.0,0.15799583,0.46368715
60,0.0,0.14664808,0.37430167
61,0.0,0.15171093,0.36871508
62,0.0,0.14385478,0.36871508
63,0.0,0.1418471,0.36871508
64,0.0,0.15101261,0.36871508
65,0.0,0.14228356,0.37430167
66,0.0,0.14149795,0.36871508
67,0.0,0.13617322,0.36871508
68,0.0,0.13530032,0.38547486
69,0.0,0.14778286,0.37430167
70,0.0,0.16017812,0.36871508
71,0.0,0.14045046,0.37430167
72,0.0,0.15127447,0.36871508
73,0.0,0.14498957,0.36871508
74,0.0,0.14272001,0.36871508
75,0.0,0.14411665,0.36871508
76,0.0,0.1539805,0.36871508
77,0.0,0.15380591,0.36871508
78,0.0,0.14027587,0.36871508
79,0.0,0.14193438,0.36871508
80,0.0,0.15310758,0.41899443
81,0.0,0.15075073,0.41899443
82,0.0,0.150227,0.40223464
83,0.0,0.15144907,0.40223464
84,0.0,0.14228356,0.36871508
85,0.0,0.1575594,0.36871508
86,0.0,0.14263272,0.36871508
87,0.0,0.14228357,0.36871508
88,0.0,0.1456879,0.36871508
89,0.0,0.13687155,0.36871508
90,0.0,0.14394209,0.36871508
91,0.0,0.12692043,0.36871508
92,0.0,0.116882026,0.36871508
93,0.0,0.12639669,0.36871508
94,0.0,0.1133031,0.36871508
95,0.0,0.11819137,0.36871508
96,0.0,0.12753145,0.36871508
97,0.0,0.1371334,0.36871508
98,0.0,0.13189597,0.36871508
99,0.0,0.13399096,0.36871508
100,0.0,0.13372909,0.36871508
101,0.0,0.1371334,0.36871508
102,0.0,0.13058662,0.36871508
103,0.0,0.13058662,0.36871508
104,0.0,0.13119766,0.36871508
105,0.0,0.13119766,0.36871508
106,0.0,0.1390538,0.36871508
107,0.0,0.14158523,0.36871508
108,0.0,0.15520255,0.36871508
109,0.0,0.14621164,0.36871508
110,0.0,0.14708455,0.36871508
111,0.0,0.14429124,0.36871508
112,0.0,0.15494068,0.36871508
113,0.0,0.16305868,0.4301676
114,0.0,0.15528983,0.4301676
115,0.0,0.15432964,0.37430167
116,0.0,0.1463862,0.37430167
117,0.0,0.13495116,0.37430167
118,0.0,0.12700771,0.36871508
119,0.0,0.12569836,0.36871508
120,0.0,0.11548537,0.36871508
121,0.0,0.10518509,0.36871508
122,0.0,0.12054822,0.36871508
123,0.0,0.12150842,0.36871508
124,0.0,0.115136206,0.36871508
125,0.0,0.11304124,0.36871508
126,0.0,0.11897699,0.36871508
127,0.0,0.10745464,0.36871508
128,0.0,0.103090115,0.36871508
129,0.0,0.09619417,0.36871508
130,0.0,0.1042249,0.36871508
131,0.0,0.10728007,0.36871508
132,0.0,0.10954962,0.36871508
133,0.0,0.10797838,0.36871508
134,0.0,0.110771686,0.36871508
135,0.0,0.10474864,0.36871508
136,0.0,0.11164459,0.36871508
137,0.0,0.10946233,0.36871508
138,0.0,0.10378844,0.36871508
139,0.0,0.09759081,0.36871508
140,0.0,0.104050316,0.36871508
141,0.0,0.108938575,0.41899443
142,0.0,0.10082056,0.41899443
143,0.0,0.108938575,0.41899443
144,0.0,0.105272375,0.41899443
145,0.0,0.10771651,0.41899443
146,0.0,0.108065665,0.41899443
147,0.0,0.10989877,0.41899443
148,0.0,0.09724165,0.41899443
149,0.0,0.10309011,0.41899443
150,0.0,0.108065665,0.41899443
151,0.0,0.10693089,0.41899443
152,0.0,0.10701818,0.41899443
153,0.0,0.11714388,0.41899443
154,0.0,0.117231175,0.4301676
155,0.0,0.10858942,0.36871508
156,0.0,0.10239179,0.36871508
157,0.0,0.10605799,0.36871508
158,0.0,0.11155729,0.36871508
159,0.0,0.1160964,0.36871508
160,0.0,0.11635827,0.36871508
161,0.0,0.11915157,0.36871508
162,0.0,0.1244763,0.36871508
163,0.0,0.12133384,0.36871508
164,0.0,0.118104085,0.36871508
165,0.0,0.12028635,0.36871508
166,0.0,0.12561107,0.36871508
167,0.0,0.1253492,0.36871508
168,0.0,0.12552378,0.36871508
169,0.0,0.12744418,0.36871508
170,0.0,0.13346721,0.4301676
171,0.0,0.12500003,0.36871508
172,0.0,0.113564976,0.36871508
173,0.0,0.11391414,0.36871508
174,0.0,0.11531079,0.36871508
175,0.0,0.111382715,0.36871508
176,0.0,0.10492321,0.36871508
177,0.0,0.10806567,0.36871508
178,0.0,0.11443788,0.36871508
179,0.0,0.1086767,0.36871508
180,0.0,0.104312174,0.36871508
181,0.0,0.10570883,0.36871508
182,0.0,0.10326469,0.36871508
183,0.0,0.10343927,0.4301676
184,0.0,0.10579612,0.4301676
185,0.0,0.09357544,0.36871508
186,0.0,0.09331357,0.36871508
187,0.0,0.095408544,0.36871508
188,0.0,0.09375002,0.36871508
189,0.0,0.10631986,0.424581
190,0.0,0.10509779,0.424581
191,0.0,0.10474863,0.424581
192,0.0,0.105272375,0.36871508
193,0.0,0.11068439,0.424581
194,0.0,0.08912362,0.424581
195,0.0,0.09942391,0.424581
196,0.0,0.1041376,0.36871508
197,0.0,0.106669016,0.4301676
198,0.0,0.10824025,0.4301676
199,0.0,0.11478704,0.4301676
200,0.0,0.12578565,0.424581
