0,0.0,0.33055547,0.6888889
1,0.0,0.3291666,0.6666667
2,0.0,0.33055553,0.73333335
3,0.0,0.34444433,0.6666667
4,0.022222223,0.33958328,0.6666667
5,0.022222223,0.34548604,0.6666667
6,0.0,0.3336805,0.6666667
7,0.0,0.34652776,0.6666667
8,0.0,0.3493055,0.6666667
9,0.022222223,0.34722218,0.6666667
10,0.022222223,0.33784723,0.6666667
11,0.044444446,0.3409722,0.6666667
12,0.08888889,0.34340274,0.6666667
13,0.08888889,0.34861106,0.6666667
14,0.06666667,0.35069442,0.6666667
15,0.044444446,0.3444444,0.6666667
16,0.0,0.334375,0.6666667
17,0.0,0.3315972,0.64444447
18,0.0,0.3298611,0.6666667
19,0.0,0.32847223,0.6
20,0.022222223,0.33784726,0.6
21,0.0,0.34374994,0.6666667
22,0.33333334,0.3486111,0.6666667
23,0.33333334,0.34340277,0.6666667
24,0.0,0.32847223,0.5555556
25,0.0,0.32500002,0.5555556
26,0.0,0.3336805,0.6666667
27,0.08888889,0.3458333,0.6666667
28,0.24444444,0.35729164,0.6666667
29,0.0,0.35208327,0.6666667
30,0.13333334,0.35277772,0.6666667
31,0.13333334,0.34826386,0.6666667
32,0.0,0.33472216,0.6666667
33,0.0,0.33993056,0.6666667
34,0.0,0.33784723,0.6666667
35,0.0,0.33090276,0.6666667
36,0.0,0.34756938,0.6666667
37,0.022222223,0.3395833,0.6666667
38,0.0,0.3454861,0.6666667
39,0.0,0.33576387,0.6666667
40,0.0,0.3340278,0.6666667
41,0.0,0.3274306,0.6
42,0.0,0.32812503,0.33333334
43,0.0,0.3232639,0.35555556
44,0.0,0.3229167,0.33333334
45,0.0,0.33159727,0.6
46,0.0,0.33680558,0.6
47,0.022222223,0.3388889,0.6666667
48,0.13333334,0.33611113,0.6666667
49,0.0,0.33437502,0.6666667
50,0.0,0.33333334,0.6666667
51,0.0,0.35312498,0.6666667
52,0.0,0.34131944,0.6666667
53,0.0,0.34756944,0.6666667
54,0.0,0.33750004,0.64444447
55,0.022222223,0.334375,0.6666667
56,0.022222223,0.33645836,0.6666667
57,0.0,0.321875,0.6666667
58,0.022222223,0.33888888,0.64444447
59,0.0,0.3184028,0.4888889
60,0.0,0.3336806,0.6666667
61,0.0,0.32569444,0.6666667
62,0.022222223,0.3263889,0.6666667
63,0.0,0.32847226,0.6666667
64,0.022222223,0.33506945,0.6666667
65,0.022222223,0.33611116,0.6666667
66,0.11111111,0.3319445,0.4888889
67,0.06666667,0.33402786,0.4888889
68,0.06666667,0.3381945,0.6666667
69,0.06666667,0.34270835,0.6666667
70,0.0,0.3298611,0.6666667
71,0.06666667,0.33368057,0.6666667
72,0.06666667,0.3298611,0.6666667
73,0.06666667,0.33333334,0.6666667
74,0.06666667,0.3354167,0.6666667
75,0.06666667,0.33437505,0.6666667
76,0.06666667,0.33472228,0.6666667
77,0.26666668,0.33784726,0.6666667
78,0.33333334,0.3385417,0.6666667
79,0.0,0.340625,0.6666667
80,0.0,0.34305555,0.6666667
81,0.0,0.34340277,0.6666667
82,0.0,0.33125,0.64444447
83,0.0,0.33472228,0.64444447
84,0.0,0.33819446,0.6666667
85,0.08888889,0.33645836,0.6666667
86,0.0,0.3340278,0.6888889
87,0.0,0.33784723,0.6666667
88,0.15555556,0.34097224,0.6666667
89,0.0,0.32500002,0.46666667
90,0.0,0.33020836,0.46666667
91,0.33333334,0.33333337,0.33333334
92,0.11111111,0.33506948,0.6666667
93,0.11111111,0.33506948,0.6666667
94,0.33333334,0.3385417,0.6666667
95,0.0,0.3246528,0.64444447
96,0.06666667,0.33090284,0.44444445
97,0.06666667,0.33611116,0.6666667
98,0.33333334,0.3402778,0.6666667
99,0.0,0.3333333,0.6666667
100,0.0,0.32951394,0.46666667
101,0.0,0.33368057,0.6666667
102,0.0,0.3371528,0.62222224
103,0.0,0.33159727,0.62222224
104,0.0,0.328125,0.6666667
105,0.044444446,0.34097227,0.6666667
106,0.31111112,0.34201393,0.62222224
107,0.0,0.34375,0.64444447
108,0.0,0.33958334,0.64444447
109,0.0,0.3302084,0.62222224
110,0.11111111,0.3274306,0.35555556
111,0.15555556,0.3319445,0.37777779
112,0.022222223,0.32916674,0.35555556
113,0.33333334,0.3388889,0.6666667
114,0.022222223,0.32881948,0.35555556
115,0.022222223,0.3336806,0.62222224
116,0.022222223,0.33368063,0.64444447
117,0.022222223,0.33055562,0.64444447
118,0.022222223,0.33576393,0.64444447
119,0.022222223,0.32569447,0.5555556
120,0.022222223,0.33020836,0.6666667
121,0.022222223,0.33888888,0.6666667
122,0.022222223,0.32743058,0.6666667
123,0.022222223,0.33333334,0.6666667
124,0.022222223,0.3375,0.6666667
125,0.022222223,0.3322917,0.6666667
126,0.0,0.33090284,0.62222224
127,0.33333334,0.3385417,0.6666667
128,0.0,0.33125,0.53333336
129,0.33333334,0.33993056,0.5555556
130,0.11111111,0.33750007,0.8888889
131,0.33333334,0.34722224,0.8888889
132,0.33333334,0.3482639,0.8888889
133,0.11111111,0.33576396,0.7777778
134,0.0,0.32569444,0.6666667
135,0.044444446,0.33541667,0.6666667
136,0.33333334,0.34895837,0.64444447
137,0.0,0.33333337,0.64444447
138,0.0,0.32361117,0.35555556
139,0.022222223,0.32673615,0.35555556
140,0.022222223,0.3302084,0.44444445
141,0.022222223,0.3288195,0.35555556
142,0.022222223,0.33368063,0.64444447
143,0.33333334,0.34375003,0.6666667
144,0.33333334,0.3385417,0.6666667
145,0.044444446,0.3288195,0.33333334
146,0.022222223,0.33055562,0.64444447
147,0.022222223,0.33854172,0.6666667
148,0.022222223,0.33854172,0.6666667
149,0.022222223,0.3388889,0.6666667
150,0.022222223,0.33368057,0.64444447
151,0.022222223,0.32881948,0.44444445
152,0.022222223,0.3375,0.6666667
153,0.022222223,0.33437502,0.6666667
154,0.022222223,0.32881948,0.6666667
155,0.044444446,0.3295139,0.6666667
156,0.044444446,0.3388889,0.6666667
157,0.044444446,0.3333334,0.62222224
158,0.2888889,0.33263895,0.33333334
159,0.0,0.33263892,0.62222224
160,0.0,0.3229167,0.33333334
161,0.0,0.33333334,0.6666667
162,0.06666667,0.32986116,0.37777779
163,0.33333334,0.3357639,0.44444445
164,0.33333334,0.3340278,0.37777779
165,0.13333334,0.3309028,0.37777779
166,0.11111111,0.33194447,0.42222223
167,0.11111111,0.3302084,0.42222223
168,0.24444444,0.33229172,0.42222223
169,0.0,0.32569447,0.42222223
170,0.0,0.3260417,0.42222223
171,0.0,0.32812503,0.42222223
172,0.11111111,0.32951394,0.4
173,0.24444444,0.33263892,0.4
174,0.22222222,0.33125007,0.33333334
175,0.22222222,0.3333334,0.46666667
176,0.22222222,0.33125007,0.33333334
177,0.11111111,0.32986116,0.33333334
178,0.11111111,0.32986116,0.33333334
179,0.33333334,0.33333337,0.33333334
180,0.33333334,0.33333337,0.33333334
181,0.33333334,0.3336806,0.35555556
182,0.06666667,0.3288195,0.33333334
183,0.022222223,0.32465282,0.35555556
184,0.06666667,0.32951397,0.35555556
185,0.06666667,0.32951397,0.35555556
186,0.33333334,0.33402783,0.35555556
187,0.33333334,0.3336806,0.35555556
188,0.33333334,0.3336806,0.35555556
189,0.2888889,0.33298618,0.35555556
190,0.22222222,0.33159727,0.33333334
191,0.22222222,0.3322917,0.37777779
192,0.044444446,0.32638893,0.33333334
193,0.0,0.33645836,0.6666667
194,0.22222222,0.33645838,0.64444447
195,0.22222222,0.34131944,0.64444447
196,0.044444446,0.3388889,0.6666667
197,0.022222223,0.34305558,0.6666667
198,0.022222223,0.33819446,0.6666667
199,0.022222223,0.32395837,0.37777779
200,0.022222223,0.32916668,0.37777779
