0,0.33333334,0.36666664,0.6666667
1,0.33333334,0.36666664,0.6666667
2,0.33333334,0.3333333,0.33333334
3,0.33333334,0.3333333,0.33333334
4,0.0,0.29999998,0.33333334
5,0.044444446,0.31111112,0.4
6,0.044444446,0.3377778,0.6666667
7,0.11111111,0.3111111,0.33333334
8,0.33333334,0.3333333,0.33333334
9,0.33333334,0.3333333,0.33333334
10,0.33333334,0.3333333,0.33333334
11,0.33333334,0.3333333,0.33333334
12,0.33333334,0.3333333,0.33333334
13,0.33333334,0.3333333,0.33333334
14,0.33333334,0.36666664,0.6666667
15,0.33333334,0.36666664,0.6666667
16,0.33333334,0.3333333,0.33333334
17,0.33333334,0.3333333,0.33333334
18,0.31111112,0.36444443,0.6666667
19,0.31111112,0.36444443,0.6666667
20,0.31111112,0.3311111,0.33333334
21,0.33333334,0.36666664,0.6666667
22,0.33333334,0.36666664,0.6666667
23,0.33333334,0.3333333,0.33333334
24,0.33333334,0.3333333,0.33333334
25,0.33333334,0.3333333,0.33333334
26,0.33333334,0.3333333,0.33333334
27,0.33333334,0.3333333,0.33333334
28,0.33333334,0.3333333,0.33333334
29,0.33333334,0.40888888,0.6666667
30,0.33333334,0.41333333,0.6666667
31,0.31111112,0.41111112,0.6666667
32,0.31111112,0.37777779,0.6666667
33,0.31111112,0.37777779,0.6666667
34,0.33333334,0.38,0.6666667
35,0.33333334,0.38,0.6666667
36,0.33333334,0.36666664,0.6666667
37,0.0,0.3333333,0.6666667
38,0.31111112,0.36444443,0.6666667
39,0.33333334,0.3333333,0.33333334
40,0.31111112,0.3311111,0.33333334
41,0.31111112,0.36444443,0.6666667
42,0.33333334,0.3333333,0.33333334
43,0.31111112,0.3311111,0.33333334
44,0.31111112,0.3311111,0.33333334
45,0.33333334,0.3333333,0.33333334
46,0.33333334,0.3333333,0.33333334
47,0.33333334,0.3333333,0.33333334
48,0.33333334,0.3333333,0.33333334
49,0.33333334,0.38,0.6666667
50,0.33333334,0.37777776,0.64444447
51,0.33333334,0.38,0.6666667
52,0.33333334,0.38,0.6666667
53,0.33333334,0.39555556,0.6666667
54,0.33333334,0.36444443,0.62222224
55,0.22222222,0.32444444,0.35555556
56,0.22222222,0.31777778,0.35555556
57,0.33333334,0.3333333,0.33333334
58,0.33333334,0.36444443,0.64444447
59,0.33333334,0.36444443,0.64444447
60,0.33333334,0.3333333,0.33333334
61,0.33333334,0.36444443,0.64444447
62,0.33333334,0.3333333,0.33333334
63,0.33333334,0.3333333,0.33333334
64,0.33333334,0.39111108,0.62222224
65,0.33333334,0.3622222,0.62222224
66,0.33333334,0.40888888,0.6666667
67,0.33333334,0.4,0.6666667
68,0.33333334,0.36666664,0.6666667
69,0.33333334,0.36666664,0.6666667
70,0.33333334,0.36666664,0.6666667
71,0.33333334,0.36666664,0.6666667
72,0.33333334,0.36666664,0.6666667
73,0.33333334,0.36666664,0.6666667
74,0.33333334,0.36666664,0.6666667
75,0.33333334,0.36666664,0.6666667
76,0.022222223,0.3688889,0.6666667
77,0.33333334,0.36666664,0.6666667
78,0.33333334,0.36666664,0.6666667
79,0.33333334,0.40222222,0.6888889
80,0.33333334,0.40222222,0.6888889
81,0.33333334,0.36888885,0.6888889
82,0.33333334,0.3711111,0.6888889
83,0.33333334,0.36888885,0.6888889
84,0.33333334,0.33555552,0.35555556
85,0.33333334,0.33555552,0.35555556
86,0.33333334,0.36666664,0.6666667
87,0.33333334,0.36666664,0.6666667
88,0.33333334,0.36666664,0.6666667
89,0.33333334,0.36666664,0.6666667
90,0.33333334,0.36666664,0.6666667
91,0.33333334,0.36666664,0.6666667
92,0.33333334,0.36666664,0.6666667
93,0.33333334,0.36666664,0.6666667
94,0.33333334,0.37777776,0.6666667
95,0.33333334,0.36444443,0.64444447
96,0.33333334,0.36666664,0.6666667
97,0.33333334,0.36666664,0.6666667
98,0.33333334,0.36666664,0.6666667
99,0.33333334,0.3333333,0.33333334
100,0.33333334,0.3333333,0.33333334
101,0.33333334,0.3333333,0.33333334
102,0.33333334,0.3333333,0.33333334
103,0.33333334,0.3622222,0.62222224
104,0.33333334,0.3333333,0.33333334
105,0.33333334,0.3333333,0.33333334
106,0.33333334,0.3333333,0.33333334
107,0.33333334,0.3333333,0.33333334
108,0.33333334,0.3333333,0.33333334
109,0.26666668,0.32666665,0.33333334
110,0.33333334,0.3333333,0.33333334
111,0.33333334,0.3333333,0.33333334
112,0.33333334,0.3333333,0.33333334
113,0.33333334,0.33555552,0.35555556
114,0.33333334,0.33555552,0.35555556
115,0.33333334,0.36888888,0.6666667
116,0.33333334,0.33555552,0.35555556
117,0.33333334,0.33555552,0.35555556
118,0.33333334,0.3333333,0.33333334
119,0.33333334,0.3333333,0.33333334
120,0.33333334,0.35555553,0.5555556
121,0.33333334,0.38444442,0.62222224
122,0.33333334,0.3622222,0.62222224
123,0.33333334,0.3622222,0.62222224
124,0.2888889,0.32888886,0.33333334
125,0.2888889,0.32888886,0.33333334
126,0.31111112,0.3311111,0.33333334
127,0.33333334,0.36444443,0.64444447
128,0.33333334,0.3333333,0.33333334
129,0.33333334,0.3333333,0.33333334
130,0.33333334,0.3622222,0.62222224
131,0.33333334,0.3622222,0.62222224
132,0.33333334,0.3622222,0.62222224
133,0.33333334,0.3622222,0.62222224
134,0.33333334,0.3622222,0.62222224
135,0.33333334,0.3622222,0.62222224
136,0.33333334,0.3622222,0.62222224
137,0.33333334,0.3622222,0.62222224
138,0.33333334,0.38888887,0.62222224
139,0.33333334,0.39555556,0.6666667
140,0.0,0.29999998,0.33333334
141,0.33333334,0.3333333,0.33333334
142,0.022222223,0.3022222,0.33333334
143,0.022222223,0.3311111,0.62222224
144,0.022222223,0.3022222,0.33333334
145,0.022222223,0.3022222,0.33333334
146,0.022222223,0.3311111,0.62222224
147,0.33333334,0.39555556,0.6666667
148,0.33333334,0.39555556,0.6666667
149,0.33333334,0.3333333,0.33333334
150,0.33333334,0.3622222,0.62222224
151,0.33333334,0.3622222,0.62222224
152,0.31111112,0.35999998,0.62222224
153,0.2,0.38000003,0.6666667
154,0.022222223,0.36444443,0.6666667
155,0.022222223,0.3311111,0.62222224
156,0.33333334,0.40222222,0.6666667
157,0.33333334,0.36888888,0.62222224
158,0.33333334,0.3622222,0.62222224
159,0.2888889,0.32888886,0.33333334
160,0.33333334,0.37777776,0.62222224
161,0.33333334,0.37777776,0.62222224
162,0.33333334,0.3333333,0.33333334
163,0.33333334,0.34444442,0.44444445
164,0.33333334,0.34444442,0.44444445
165,0.33333334,0.34444442,0.44444445
166,0.33333334,0.34444442,0.44444445
167,0.33333334,0.34444442,0.44444445
168,0.33333334,0.34444442,0.44444445
169,0.33333334,0.34444442,0.44444445
170,0.15555556,0.32666665,0.44444445
171,0.31111112,0.34666666,0.4888889
172,0.31111112,0.3511111,0.4888889
173,0.26666668,0.34,0.4888889
174,0.26666668,0.34222224,0.4888889
175,0.26666668,0.32666665,0.33333334
176,0.022222223,0.33555555,0.6666667
177,0.022222223,0.33555555,0.6666667
178,0.022222223,0.29555553,0.33333334
179,0.26666668,0.32666665,0.33333334
180,0.26666668,0.32666665,0.33333334
181,0.26666668,0.35555556,0.62222224
182,0.15555556,0.31555554,0.33333334
183,0.15555556,0.3488889,0.6666667
184,0.33333334,0.3333333,0.33333334
185,0.33333334,0.3333333,0.33333334
186,0.33333334,0.34888887,0.4888889
187,0.33333334,0.36444443,0.4888889
188,0.26666668,0.34222224,0.4888889
189,0.33333334,0.3333333,0.33333334
190,0.11111111,0.29333335,0.33333334
191,0.15555556,0.31555554,0.33333334
192,0.33333334,0.36666664,0.6666667
193,0.33333334,0.36666664,0.6666667
194,0.33333334,0.3333333,0.33333334
195,0.0,0.26666665,0.33333334
196,0.0,0.3333333,0.6666667
197,0.33333334,0.3333333,0.33333334
198,0.0,0.30888885,0.42222223
199,0.33333334,0.3622222,0.62222224
200,0.33333334,0.3333333,0.33333334
