0,0.0,0.17789808,0.36871508
1,0.0,0.18627797,0.36871508
2,0.0,0.161051,0.36871508
3,0.0,0.16462994,0.39664805
4,0.0,0.15258382,0.424581
5,0.0,0.1527584,0.36871508
6,0.0,0.14446582,0.36871508
7,0.0,0.14944138,0.36871508
8,0.0,0.15799585,0.36871508
9,0.0,0.15153635,0.4301676
10,0.0,0.16576472,0.36871508
11,0.0,0.17405732,0.36871508
12,0.0,0.16698678,0.36871508
13,0.0,0.18776192,0.36871508
14,0.0,0.1703038,0.36871508
15,0.0,0.19195186,0.37430167
16,0.0,0.19134083,0.39106146
17,0.0,0.16524096,0.37430167
18,0.0,0.16602658,0.37430167
19,0.0,0.17658873,0.37430167
20,0.0,0.16559012,0.37430167
21,0.0,0.17711248,0.37430167
22,0.0,0.16733594,0.37430167
23,0.0,0.17388272,0.36871508
24,0.0,0.17056568,0.37430167
25,0.0,0.17362085,0.37430167
26,0.0,0.17047839,0.45810056
27,0.0,0.15773398,0.37430167
28,0.0,0.15729752,0.37430167
29,0.0,0.150227,0.37430167
30,0.0,0.1492668,0.47486034
31,0.0,0.15616274,0.47486034
32,0.0,0.15677376,0.47486034
33,0.0,0.15947977,0.47486034
34,0.0,0.16332056,0.47486034
35,0.0,0.14603703,0.47486034
36,0.0,0.14455308,0.47486034
37,0.0,0.13547488,0.4301676
38,0.0,0.14490224,0.47486034
39,0.0,0.15153633,0.4301676
40,0.0,0.13329262,0.37430167
41,0.0,0.14341833,0.37430167
42,0.0,0.15878145,0.37430167
43,0.0,0.140014,0.36871508
44,0.0,0.14813201,0.36871508
45,0.0,0.15302028,0.36871508
46,0.0,0.14437853,0.36871508
47,0.0,0.13137223,0.36871508
48,0.0,0.1188024,0.36871508
49,0.0,0.11871511,0.36871508
50,0.0,0.12552376,0.36871508
51,0.0,0.13870463,0.36871508
52,0.0,0.14987782,0.36871508
53,0.0,0.16078913,0.36871508
54,0.0,0.16646303,0.36871508
55,0.0,0.15127447,0.36871508
56,0.0,0.14472769,0.37430167
57,0.0,0.14778285,0.37430167
58,0.0,0.14752099,0.36871508
59,0.0,0.14123607,0.36871508
60,0.0,0.1381809,0.36871508
61,0.0,0.13687155,0.36871508
62,0.0,0.1335545,0.36871508
63,0.0,0.14525144,0.40223464
64,0.0,0.13957755,0.40223464
65,0.0,0.13285618,0.43575418
66,0.0,0.14315645,0.43575418
67,0.0,0.14787015,0.36871508
68,0.0,0.14525144,0.36871508
69,0.0,0.1464735,0.36871508
70,0.0,0.14725912,0.36871508
71,0.0,0.15834501,0.36871508
72,0.0,0.15144905,0.36871508
73,0.0,0.15092531,0.36871508
74,0.0,0.13983941,0.36871508
75,0.0,0.13303076,0.36871508
76,0.0,0.13111037,0.36871508
77,0.0,0.13276888,0.36871508
78,0.0,0.12849165,0.36871508
79,0.0,0.115398064,0.36871508
80,0.0,0.11827865,0.36871508
81,0.0,0.12779331,0.36871508
82,0.0,0.12194485,0.36871508
83,0.0,0.12552376,0.36871508
84,0.0,0.12945184,0.36871508
85,0.0,0.12683313,0.36871508
86,0.0,0.13102306,0.36871508
87,0.0,0.13198327,0.36871508
88,0.0,0.14141065,0.36871508
89,0.0,0.14586248,0.36871508
90,0.0,0.13809362,0.37430167
91,0.0,0.13582407,0.41340783
92,0.0,0.13564947,0.36871508
93,0.0,0.14132336,0.41340783
94,0.0,0.1499651,0.44134077
95,0.0,0.13032475,0.36871508
96,0.0,0.13730799,0.36871508
97,0.0,0.13756986,0.36871508
98,0.0,0.1428946,0.36871508
99,0.0,0.14402936,0.36871508
100,0.0,0.13748257,0.36871508
101,0.0,0.134602,0.36871508
102,0.0,0.13049933,0.36871508
103,0.0,0.14079961,0.36871508
104,0.0,0.1363478,0.36871508
105,0.0,0.13800631,0.36871508
106,0.0,0.1399267,0.36871508
107,0.0,0.13399094,0.36871508
108,0.0,0.12962642,0.36871508
109,0.0,0.13250701,0.36871508
110,0.0,0.12683313,0.36871508
111,0.0,0.11583453,0.36871508
112,0.0,0.12194486,0.36871508
113,0.0,0.12081008,0.36871508
114,0.0,0.12587292,0.36871508
115,0.0,0.11740576,0.36871508
116,0.0,0.118627824,0.36871508
117,0.0,0.104661345,0.36871508
118,0.0,0.10972419,0.36871508
119,0.0,0.1169693,0.36871508
120,0.0,0.11461246,0.36871508
121,0.0,0.11915157,0.36871508
122,0.0,0.10579612,0.36871508
123,0.0,0.10998607,0.36871508
124,0.0,0.12290506,0.36871508
125,0.0,0.12334152,0.36871508
126,0.0,0.13320535,0.36871508
127,0.0,0.124127135,0.36871508
128,0.0,0.11417601,0.36871508
129,0.0,0.12674585,0.36871508
130,0.0,0.12587295,0.36871508
131,0.0,0.115136206,0.44134077
132,0.0,0.11007336,0.36871508
133,0.0,0.11330311,0.36871508
134,0.0,0.1041376,0.36871508
135,0.0,0.109113164,0.36871508
136,0.0,0.105446965,0.36871508
137,0.0,0.11461247,0.36871508
138,0.0,0.09811456,0.36871508
139,0.0,0.109287746,0.36871508
140,0.0,0.118104085,0.36871508
141,0.0,0.115048915,0.36871508
142,0.0,0.11077168,0.36871508
143,0.0,0.10806567,0.36871508
144,0.0,0.108851284,0.36871508
145,0.0,0.12369067,0.36871508
146,0.0,0.114176005,0.424581
147,0.0,0.11819137,0.424581
148,0.0,0.11548536,0.424581
149,0.0,0.1169693,0.424581
150,0.0,0.110509805,0.424581
151,0.0,0.11068439,0.424581
152,0.0,0.11295394,0.36871508
153,0.0,0.11408872,0.36871508
154,0.0,0.11452517,0.43575418
155,0.0,0.110509805,0.36871508
156,0.0,0.11103355,0.424581
157,0.0,0.100034945,0.36871508
158,0.0,0.09881287,0.36871508
159,0.0,0.09444834,0.36871508
160,0.0,0.09156776,0.36871508
161,0.0,0.10562154,0.36871508
162,0.0,0.100034945,0.36871508
163,0.0,0.09505938,0.36871508
164,0.0,0.09139318,0.36871508
165,0.0,0.09689248,0.36871508
166,0.0,0.09732894,0.36871508
167,0.0,0.100034945,0.36871508
168,0.0,0.09523396,0.36871508
169,0.0,0.09898746,0.36871508
170,0.0,0.09331357,0.36871508
171,0.0,0.08301328,0.36871508
172,0.0,0.08624304,0.36871508
173,0.0,0.08816342,0.45810056
174,0.0,0.0994239,0.45810056
175,0.0,0.0939246,0.45810056
176,0.0,0.085632,0.45810056
177,0.0,0.08676678,0.45810056
178,0.0,0.08650491,0.45810056
179,0.0,0.083362445,0.45810056
180,0.0,0.080307275,0.45810056
181,0.0,0.08222768,0.45810056
182,0.0,0.07847417,0.36871508
183,0.0,0.07838689,0.45810056
184,0.0,0.08091831,0.36871508
185,0.0,0.0810056,0.36871508
186,0.0,0.07873605,0.36871508
187,0.0,0.07594275,0.4301676
188,0.0,0.071141765,0.45810056
189,0.0,0.07314944,0.37988827
190,0.0,0.0800454,0.41899443
191,0.0,0.07629191,0.4301676
192,0.0,0.06572975,0.4301676
193,0.0,0.07786314,0.4301676
194,0.0,0.07751398,0.4301676
195,0.0,0.078823335,0.4301676
196,0.0,0.0800454,0.4301676
197,0.0,0.08990923,0.40223464
198,0.0,0.092527956,0.36871508
199,0.0,0.084759094,0.4301676
200,0.0,0.07960895,0.36871508
