0,0.0,0.1297137,0.41899443
1,0.0,0.14664808,0.41899443
2,0.0,0.13521302,0.41899443
3,0.0,0.15240926,0.37988827
4,0.0,0.15162364,0.37430167
5,0.0,0.16131288,0.37430167
6,0.0,0.17973118,0.37430167
7,0.0,0.15528983,0.37430167
8,0.0,0.15040156,0.37430167
9,0.0,0.1537186,0.36871508
10,0.0,0.14787014,0.38547486
11,0.0,0.15738481,0.38547486
12,0.0,0.15712292,0.36871508
13,0.0,0.15267111,0.36871508
14,0.0,0.15432963,0.36871508
15,0.0,0.1491795,0.36871508
16,0.0,0.14263271,0.36871508
17,0.0,0.15406775,0.36871508
18,0.0,0.15406777,0.36871508
19,0.0,0.1565119,0.36871508
20,0.0,0.1640189,0.36871508
21,0.0,0.14472769,0.36871508
22,0.0,0.13119766,0.36871508
23,0.0,0.14254543,0.36871508
24,0.0,0.14525142,0.36871508
25,0.0,0.158345,0.36871508
26,0.0,0.15947978,0.36871508
27,0.0,0.16707405,0.36871508
28,0.0,0.15642461,0.36871508
29,0.0,0.15398046,0.36871508
30,0.0,0.14411664,0.4301676
31,0.0,0.12936455,0.36871508
32,0.0,0.1370461,0.4301676
33,0.0,0.14577514,0.4301676
34,0.0,0.14027585,0.36871508
35,0.0,0.13949023,0.36871508
36,0.0,0.14429122,0.36871508
37,0.0,0.14516413,0.36871508
38,0.0,0.15485337,0.36871508
39,0.0,0.1636697,0.36871508
40,0.0,0.1510126,0.39664805
41,0.0,0.15066344,0.36871508
42,0.0,0.14717183,0.40782124
43,0.0,0.14228354,0.40223464
44,0.0,0.14464039,0.4301676
45,0.0,0.15197279,0.4301676
46,0.0,0.14891762,0.4301676
47,0.0,0.148132,0.4301676
48,0.0,0.14629892,0.40223464
49,0.0,0.14952867,0.40223464
50,0.0,0.13303074,0.424581
51,0.0,0.1289281,0.424581
52,0.0,0.13730797,0.36871508
53,0.0,0.13765714,0.36871508
54,0.0,0.1362605,0.36871508
55,0.0,0.135213,0.36871508
56,0.0,0.13207054,0.424581
57,0.0,0.14944136,0.36871508
58,0.0,0.13861734,0.36871508
59,0.0,0.13608591,0.37430167
60,0.0,0.13809359,0.37430167
61,0.0,0.14411664,0.37430167
62,0.0,0.13835546,0.36871508
63,0.0,0.14062501,0.36871508
64,0.0,0.13372907,0.36871508
65,0.0,0.14638619,0.36871508
66,0.0,0.14603703,0.36871508
67,0.0,0.15031427,0.36871508
68,0.0,0.14429122,0.36871508
69,0.0,0.13486384,0.36871508
70,0.0,0.13407823,0.36871508
71,0.0,0.13355449,0.36871508
72,0.0,0.1207228,0.36871508
73,0.0,0.123341516,0.424581
74,0.0,0.13041204,0.424581
75,0.0,0.1225559,0.424581
76,0.0,0.122294016,0.37988827
77,0.0,0.12735687,0.37988827
78,0.0,0.13695882,0.36871508
79,0.0,0.13940297,0.36871508
80,0.0,0.14690995,0.36871508
81,0.0,0.15144905,0.36871508
82,0.0,0.15144905,0.36871508
83,0.0,0.14472768,0.36871508
84,0.0,0.14612433,0.37988827
85,0.0,0.14839387,0.424581
86,0.0,0.1657647,0.40223464
87,0.0,0.18016765,0.37430167
88,0.0,0.16532825,0.36871508
89,0.0,0.15956707,0.36871508
90,0.0,0.15179822,0.36871508
91,0.0,0.14272,0.36871508
92,0.0,0.14935409,0.36871508
93,0.0,0.14856847,0.36871508
94,0.0,0.15764669,0.37430167
95,0.0,0.1557263,0.37430167
96,0.0,0.15633734,0.37430167
97,0.0,0.16393161,0.37430167
98,0.0,0.17370813,0.4301676
99,0.0,0.17650144,0.36871508
100,0.0,0.15179822,0.36871508
101,0.0,0.14987783,0.36871508
102,0.0,0.15092531,0.36871508
103,0.0,0.1492668,0.36871508
104,0.0,0.15284571,0.36871508
105,0.0,0.1565992,0.36871508
106,0.0,0.15153635,0.36871508
107,0.0,0.15066344,0.36871508
108,0.0,0.15258384,0.36871508
109,0.0,0.16122559,0.36871508
110,0.0,0.15267113,0.36871508
111,0.0,0.16323328,0.36871508
112,0.0,0.16070186,0.36871508
113,0.0,0.15808313,0.36871508
114,0.0,0.15066344,0.36871508
115,0.0,0.14699723,0.36871508
116,0.0,0.14638619,0.36871508
117,0.0,0.1528457,0.36871508
118,0.0,0.1482193,0.36871508
119,0.0,0.14708453,0.37430167
120,0.0,0.14272,0.4301676
121,0.0,0.13844277,0.36871508
122,0.0,0.15162362,0.36871508
123,0.0,0.14673536,0.37430167
124,0.0,0.14673536,0.37430167
125,0.0,0.14106148,0.36871508
126,0.0,0.15066344,0.36871508
127,0.0,0.15764667,0.36871508
128,0.0,0.1572975,0.4301676
129,0.0,0.15075073,0.37430167
130,0.0,0.14298187,0.37430167
131,0.0,0.14568788,0.37430167
132,0.0,0.15275842,0.36871508
133,0.0,0.15048887,0.36871508
134,0.0,0.15590087,0.36871508
135,0.0,0.16043998,0.36871508
136,0.0,0.16236037,0.36871508
137,0.0,0.16270953,0.40223464
138,0.0,0.15153635,0.40223464
139,0.0,0.14385477,0.46368715
140,0.0,0.15118717,0.46368715
141,0.0,0.15075073,0.36871508
142,0.0,0.13791901,0.36871508
143,0.0,0.14594975,0.36871508
144,0.0,0.14263271,0.36871508
145,0.0,0.14656079,0.36871508
146,0.0,0.14717183,0.36871508
147,0.0,0.13748257,0.36871508
148,0.0,0.14210898,0.40223464
149,0.0,0.14699724,0.36871508
150,0.0,0.13992672,0.40223464
151,0.0,0.13765715,0.40223464
152,0.0,0.14420395,0.36871508
153,0.0,0.12194487,0.36871508
154,0.0,0.12578565,0.4301676
155,0.0,0.12726958,0.37430167
156,0.0,0.1298883,0.36871508
157,0.0,0.12403983,0.36871508
158,0.0,0.12578563,0.36871508
159,0.0,0.1316341,0.4301676
160,0.0,0.1288408,0.4301676
161,0.0,0.12779331,0.36871508
162,0.0,0.12840435,0.36871508
163,0.0,0.13172139,0.36871508
164,0.0,0.1280552,0.36871508
165,0.0,0.12822977,0.36871508
166,0.0,0.13023746,0.36871508
167,0.0,0.12421442,0.36871508
168,0.0,0.1253492,0.36871508
169,0.0,0.11854053,0.36871508
170,0.0,0.12779333,0.36871508
171,0.0,0.13067392,0.36871508
172,0.0,0.12517461,0.36871508
173,0.0,0.1250873,0.36871508
174,0.0,0.12543647,0.36871508
175,0.0,0.12875351,0.36871508
176,0.0,0.12796791,0.36871508
177,0.0,0.13207056,0.36871508
178,0.0,0.13425282,0.36871508
179,0.0,0.140014,0.36871508
180,0.0,0.14149792,0.36871508
181,0.0,0.14289458,0.36871508
182,0.0,0.13678424,0.4301676
183,0.0,0.14158522,0.4301676
184,0.0,0.1537186,0.36871508
185,0.0,0.14865576,0.4301676
186,0.0,0.14970325,0.45810056
187,0.0,0.14874305,0.36871508
188,0.0,0.14839388,0.36871508
189,0.0,0.14612433,0.36871508
190,0.0,0.14254542,0.36871508
191,0.0,0.140014,0.36871508
192,0.0,0.14909221,0.36871508
193,0.0,0.1445531,0.47486034
194,0.0,0.13198327,0.48044693
195,0.0,0.13067392,0.48044693
196,0.0,0.13329262,0.48044693
197,0.0,0.13608591,0.43575418
198,0.0,0.13067392,0.38547486
199,0.0,0.1344274,0.38547486
200,0.0,0.1260475,0.38547486
