0,0.054,0.2581953,0.41
1,0.0975,0.2602109,0.44475
2,0.1165,0.24978513,0.41775
3,0.11775,0.25060546,0.41325
4,0.1275,0.2540859,0.4375
5,0.09525,0.26085547,0.4395
6,0.07925,0.2687305,0.4955
7,0.1285,0.26491797,0.424
8,0.117,0.2550078,0.447
9,0.09025,0.26222655,0.4475
10,0.18325,0.2713789,0.4345
11,0.13525,0.26698044,0.49675
12,0.17225,0.2718047,0.49675
13,0.11675,0.25751564,0.4865
14,0.205,0.26224613,0.38475
15,0.16475,0.25089845,0.3495
16,0.129,0.25489062,0.38325
17,0.166,0.26314843,0.41725
18,0.175,0.26166403,0.42875
19,0.17175,0.2622539,0.44375
20,0.17,0.25953907,0.39925
21,0.2125,0.25592577,0.39925
22,0.2255,0.25884762,0.3795
23,0.15225,0.25977734,0.452
24,0.13175,0.26154298,0.571
25,0.16975,0.26038283,0.57225
26,0.13625,0.256418,0.44175
27,0.18675,0.25744534,0.44175
28,0.1425,0.25630468,0.442
29,0.08,0.25626954,0.454
30,0.1995,0.26250386,0.46575
31,0.17375,0.26177734,0.397
32,0.2435,0.26188278,0.442
33,0.17325,0.25682032,0.512
34,0.17,0.25160155,0.359
35,0.04125,0.25452733,0.359
36,0.12425,0.2557422,0.37275
37,0.22375,0.254,0.3385
38,0.1655,0.25592577,0.3895
39,0.1635,0.2573047,0.36725
40,0.21825,0.25466406,0.35625
41,0.13575,0.25203517,0.38725
42,0.18975,0.2564883,0.38725
43,0.066,0.25798437,0.387
44,0.17175,0.26027346,0.37975
45,0.15125,0.25291407,0.37975
46,0.194,0.25468358,0.31575
47,0.197,0.25362107,0.36425
48,0.157,0.25021094,0.32575
49,0.1795,0.2505156,0.36775
50,0.1225,0.25125,0.36775
51,0.1375,0.24597266,0.35925
52,0.239,0.25683984,0.382
53,0.15375,0.24823828,0.34775
54,0.0965,0.2494414,0.38425
55,0.18125,0.25308985,0.39825
56,0.2365,0.25511327,0.36175
57,0.155,0.2526719,0.45925
58,0.183,0.2547344,0.46375
59,0.199,0.25478908,0.48825
60,0.13775,0.2511719,0.54025
61,0.226,0.25459766,0.53225
62,0.25,0.2559961,0.498
63,0.19375,0.25226173,0.35
64,0.25,0.25387892,0.39025
65,0.20725,0.2525977,0.3805
66,0.2475,0.25644922,0.45525
67,0.1855,0.25659376,0.46
68,0.13825,0.25870705,0.46
69,0.12925,0.25571093,0.50075
70,0.22975,0.25641403,0.41075
71,0.13275,0.25353125,0.3665
72,0.11025,0.25442186,0.39025
73,0.2425,0.25692967,0.52425
74,0.1425,0.2513281,0.4175
75,0.1985,0.25279686,0.43825
76,0.189,0.25384372,0.4705
77,0.25,0.25135547,0.3345
78,0.157,0.24810156,0.25
79,0.19325,0.24825391,0.25
80,0.19375,0.2483828,0.25
81,0.214,0.25066406,0.35125
82,0.25,0.25648826,0.40425
83,0.16725,0.2544961,0.40475
84,0.127,0.2549297,0.352
85,0.15275,0.25415236,0.364
86,0.13725,0.25276563,0.32725
87,0.14775,0.2496289,0.3715
88,0.15175,0.25204688,0.38475
89,0.236,0.2570625,0.43975
90,0.2295,0.25501952,0.43975
91,0.19325,0.25610936,0.4505
92,0.19475,0.2550156,0.34125
93,0.24125,0.25439844,0.39225
94,0.17675,0.25154296,0.39225
95,0.21125,0.25458983,0.39225
96,0.13425,0.2523047,0.39475
97,0.0685,0.24903907,0.39525
98,0.10975,0.2495117,0.322
99,0.2265,0.25215232,0.32225
100,0.2155,0.25086328,0.30825
101,0.21225,0.25225782,0.32625
102,0.25,0.2564375,0.44175
103,0.1595,0.2519414,0.482
104,0.1755,0.25315234,0.373
105,0.13025,0.25008202,0.3485
106,0.2305,0.24989063,0.28325
107,0.23075,0.2498086,0.25725
108,0.2035,0.24983984,0.277
109,0.20375,0.24973048,0.277
110,0.22275,0.25092578,0.303
111,0.1715,0.25092578,0.486
112,0.17425,0.25202733,0.37525
113,0.23975,0.25226954,0.37525
114,0.1405,0.24996485,0.292
115,0.25,0.25232032,0.30175
116,0.14675,0.24951172,0.30175
117,0.25,0.25158986,0.2995
118,0.23275,0.25528124,0.421
119,0.10675,0.24886328,0.39625
120,0.1875,0.24909766,0.32075
121,0.20025,0.24945311,0.315
122,0.2315,0.25165626,0.37475
123,0.21175,0.25059375,0.37
124,0.182,0.24864453,0.37
125,0.19275,0.2489297,0.2585
126,0.13925,0.24872264,0.26825
127,0.14475,0.24832813,0.29975
128,0.22425,0.2504336,0.325
129,0.241,0.2521367,0.335
130,0.19225,0.25490627,0.3965
131,0.12375,0.24753515,0.31725
132,0.1105,0.24814844,0.343
133,0.1785,0.24939844,0.3025
134,0.2365,0.2535039,0.43525
135,0.1865,0.252125,0.43525
136,0.1975,0.25317186,0.43525
137,0.24475,0.25220704,0.3665
138,0.22175,0.25002736,0.28
139,0.1995,0.25483593,0.378
140,0.15875,0.2511289,0.36525
141,0.20425,0.25014454,0.35075
142,0.18625,0.24853908,0.33125
143,0.1355,0.24846485,0.32575
144,0.16025,0.24815625,0.309
145,0.234,0.25051954,0.28325
146,0.18925,0.24772266,0.25
147,0.18975,0.25289452,0.37975
148,0.117,0.25265625,0.5015
149,0.173,0.25740626,0.5015
150,0.15925,0.25217187,0.378
151,0.194,0.25110155,0.378
152,0.2165,0.25062108,0.28975
153,0.14575,0.24854687,0.3075
154,0.1835,0.2495039,0.322
155,0.15775,0.25069922,0.39675
156,0.1715,0.25084373,0.39225
157,0.1465,0.25020704,0.41425
158,0.2425,0.25228906,0.41425
159,0.19175,0.25047657,0.41425
160,0.215,0.25349608,0.39225
161,0.21375,0.25314063,0.3795
162,0.24325,0.25278124,0.357
163,0.20025,0.2508086,0.3295
164,0.21575,0.25232422,0.34
165,0.0685,0.25165626,0.3635
166,0.21125,0.252375,0.3635
167,0.1215,0.25134376,0.38225
168,0.15525,0.2511758,0.393
169,0.159,0.25145704,0.393
170,0.25,0.25258982,0.39375
171,0.18775,0.25134766,0.39375
172,0.14125,0.25403515,0.44125
173,0.17575,0.25366408,0.4225
174,0.247,0.25642967,0.43125
175,0.15075,0.25146484,0.389
176,0.12425,0.2498203,0.308
177,0.17925,0.24907811,0.26875
178,0.2405,0.25077343,0.296
179,0.11975,0.25296092,0.427
180,0.21625,0.25203905,0.387
181,0.18425,0.25141016,0.374
182,0.25,0.252875,0.34675
183,0.17575,0.2513086,0.34625
184,0.1345,0.24908595,0.3135
185,0.1305,0.25327343,0.44275
186,0.22825,0.25502345,0.468
187,0.2015,0.25246876,0.34775
188,0.17375,0.25346094,0.38925
189,0.1465,0.2540703,0.42475
190,0.13575,0.25457424,0.43975
191,0.07325,0.25305468,0.38175
192,0.111,0.24966407,0.3805
193,0.1805,0.25034767,0.49175
194,0.1665,0.2508867,0.34825
195,0.11475,0.24776563,0.34825
196,0.21375,0.2501914,0.30175
197,0.09625,0.25035155,0.368
198,0.18625,0.25024217,0.33225
199,0.21025,0.25167188,0.315
200,0.188,0.2511172,0.36725
