0,0.0,0.3233329,0.6722689
1,0.0,0.32156038,0.68907565
2,0.0,0.320313,0.68907565
3,0.0,0.32517117,0.68907565
4,0.0,0.32986534,0.68907565
5,0.0,0.3290119,0.68907565
6,0.0,0.32901183,0.68907565
7,0.0,0.339516,0.68907565
8,0.0,0.3381702,0.6722689
9,0.0,0.33538005,0.6722689
10,0.0,0.3400741,0.6722689
11,0.0,0.34250316,0.6722689
12,0.0,0.33882675,0.6722689
13,0.0,0.34043518,0.6722689
14,0.0,0.34069777,0.6722689
15,0.0,0.33879393,0.6722689
16,0.0,0.34115738,0.6722689
17,0.008403362,0.33413273,0.6722689
18,0.0,0.33347622,0.6722689
19,0.0,0.33262277,0.6722689
20,0.0,0.33341053,0.6722689
21,0.0,0.332951,0.66386557
22,0.0,0.33150664,0.6722689
23,0.0,0.33771074,0.6722689
24,0.0,0.3358397,0.6722689
25,0.0,0.33807182,0.89915967
26,0.0,0.33922067,0.89915967
27,0.0,0.34503075,0.9411765
28,0.0,0.34033674,0.9411765
29,0.033613447,0.34204367,0.9411765
30,0.0,0.34135434,0.9411765
31,0.075630255,0.3432911,0.92436975
32,0.0,0.33918786,0.92436975
33,0.0,0.3379405,0.8235294
34,0.0,0.33226165,0.6722689
35,0.0,0.33853137,0.8235294
36,0.0,0.33656183,0.8235294
37,0.0,0.33757943,0.8235294
38,0.0,0.33945048,0.8235294
39,0.0,0.34017268,0.8235294
40,0.0,0.34493238,0.8235294
41,0.0,0.33991003,0.6722689
42,0.0,0.3347564,0.6722689
43,0.0,0.3368573,0.6722689
44,0.0,0.33761224,0.6722689
45,0.0,0.33695576,0.8235294
46,0.0,0.34148568,0.8235294
47,0.0,0.33636487,0.8235294
48,0.0,0.33603665,0.6722689
49,0.0,0.33790764,0.6722689
50,0.0,0.33718556,0.6722689
51,0.0,0.33432972,0.6722689
52,0.0,0.33452666,0.6722689
53,0.0,0.33183497,0.6722689
54,0.0,0.3300624,0.6722689
55,0.0,0.33186775,0.6722689
56,0.0,0.33341062,0.6722689
57,0.0,0.33347625,0.8487395
58,0.0,0.33639774,0.8739496
59,0.0,0.33803904,0.7647059
60,0.05882353,0.3390566,0.8739496
61,0.0,0.3358397,0.6722689
62,0.0,0.33731687,0.6722689
63,0.0,0.33840013,0.6722689
64,0.0,0.3348549,0.6722689
65,0.067226894,0.33685726,0.6722689
66,0.15126051,0.33872834,0.6722689
67,0.0,0.3358069,0.6722689
68,0.0,0.33633205,0.66386557
69,0.0,0.3372184,0.66386557
70,0.0,0.34119028,0.6722689
71,0.0,0.33823597,0.6722689
72,0.008403362,0.3367588,0.6722689
73,0.075630255,0.3376123,0.6722689
74,0.05042017,0.3330495,0.6722689
75,0.05042017,0.33780926,0.94957983
76,0.0,0.33705425,0.6722689
77,0.05042017,0.34171546,0.6722689
78,0.05042017,0.33787483,0.66386557
79,0.0,0.3364962,0.66386557
80,0.05042017,0.33928636,0.6722689
81,0.05042017,0.34105894,0.6722689
82,0.0,0.33931923,0.789916
83,0.008403362,0.34043527,0.789916
84,0.008403362,0.34138724,0.789916
85,0.0,0.33515036,0.789916
86,0.0,0.33899093,0.789916
87,0.0,0.33646336,0.789916
88,0.0,0.33613515,0.57983196
89,0.0,0.3336404,0.6386555
90,0.0,0.33150667,0.5714286
91,0.0,0.33393577,0.6722689
92,0.0,0.3339358,0.66386557
93,0.0,0.3312441,0.66386557
94,0.0,0.33045632,0.4117647
95,0.0,0.33035785,0.394958
96,0.0,0.33281976,0.66386557
97,0.27731094,0.33794054,0.66386557
98,0.3277311,0.33603665,0.7226891
99,0.29411766,0.3353145,0.6554622
100,0.008403362,0.3337717,0.66386557
101,0.0,0.3350847,0.66386557
102,0.0,0.337481,0.6722689
103,0.0,0.3316052,0.66386557
104,0.0,0.3343297,0.66386557
105,0.0,0.33039066,0.6722689
106,0.0,0.33199906,0.6722689
107,0.0,0.33455947,0.66386557
108,0.0,0.33314797,0.6134454
109,0.0,0.33258998,0.6134454
110,0.033613447,0.33485496,0.6722689
111,0.008403362,0.33600384,0.6722689
112,0.0,0.33495343,0.6722689
113,0.033613447,0.33629927,0.6722689
114,0.033613447,0.33439538,0.6722689
115,0.008403362,0.33268848,0.6722689
116,0.008403362,0.33393586,0.6722689
117,0.008403362,0.33396867,0.6722689
118,0.008403362,0.33337778,0.5462185
119,0.0,0.33547863,0.6554622
120,0.05882353,0.3363321,0.66386557
121,0.05882353,0.34263465,0.6722689
122,0.0,0.3367917,0.6722689
123,0.0,0.3343954,0.6722689
124,0.0,0.33331215,0.6722689
125,0.0,0.33446106,0.6722689
126,0.05882353,0.3370543,0.6722689
127,0.05882353,0.33442825,0.66386557
128,0.05882353,0.33574128,0.6722689
129,0.008403362,0.3353802,0.6722689
130,0.0,0.336168,0.6722689
131,0.0,0.33239305,0.66386557
132,0.0,0.32950437,0.66386557
133,0.0,0.3272394,0.66386557
134,0.0,0.3282898,0.66386557
135,0.0,0.33393586,0.6722689
136,0.3277311,0.33515042,0.66386557
137,0.0,0.33239305,0.6722689
138,0.0,0.33055484,0.5966387
139,0.0,0.33252436,0.66386557
140,0.0,0.33295107,0.66386557
141,0.067226894,0.33488777,0.66386557
142,0.0,0.3328854,0.66386557
143,0.0,0.33236018,0.64705884
144,0.0,0.3374482,0.9159664
145,0.05882353,0.3353145,0.9159664
146,0.008403362,0.3336404,0.9159664
147,0.0,0.33337784,0.9159664
148,0.0,0.3343297,0.75630254
149,0.008403362,0.33236018,0.75630254
150,0.008403362,0.3341656,0.75630254
151,0.09243698,0.33853137,0.75630254
152,0.0,0.33409995,0.7815126
153,0.0,0.33419842,0.75630254
154,0.0,0.33334497,0.8235294
155,0.0,0.32996392,0.62184876
156,0.0,0.33318084,0.6722689
157,0.25210086,0.33583975,0.6722689
158,0.008403362,0.33236018,0.42857143
159,0.15966387,0.33383736,0.6722689
160,0.0,0.33308232,0.5882353
161,0.1764706,0.3358069,0.5966387
162,0.2857143,0.33567563,0.6554622
163,0.2857143,0.33564278,0.6554622
164,0.2857143,0.33623368,0.6134454
165,0.2857143,0.3343954,0.60504204
166,0.24369748,0.3329511,0.3697479
167,0.2857143,0.33318087,0.3697479
168,0.0,0.33281973,0.6722689
169,0.2857143,0.33580685,0.66386557
170,0.2857143,0.335971,0.66386557
171,0.084033616,0.33669317,0.66386557
172,0.0,0.33409992,0.8739496
173,0.042016808,0.3346908,0.8739496
174,0.0,0.3324258,0.66386557
175,0.05882353,0.3335747,0.68907565
176,0.05882353,0.33600384,0.68907565
177,0.0,0.33587253,0.68907565
178,0.19327731,0.33817035,0.77310926
179,0.0,0.3369886,0.6722689
180,0.0,0.33524883,0.6722689
181,0.0,0.33373883,0.66386557
182,0.0,0.33492056,0.79831934
183,0.0,0.33853137,0.7058824
184,0.008403362,0.33938485,0.7058824
185,0.10084034,0.33823597,0.6722689
186,0.10084034,0.33662754,0.6722689
187,0.10084034,0.3364306,0.6722689
188,0.10084034,0.33623365,0.6722689
189,0.042016808,0.3352817,0.6722689
190,0.042016808,0.33393583,0.66386557
191,0.042016808,0.3325243,0.66386557
192,0.067226894,0.33393583,0.66386557
193,0.067226894,0.333903,0.66386557
194,0.05042017,0.33147392,0.6134454
195,0.067226894,0.33462518,0.66386557
196,0.025210084,0.33409998,0.66386557
197,0.0,0.3347893,0.6722689
198,0.0,0.33341062,0.66386557
199,0.0,0.33396867,0.6134454
200,0.1764706,0.33469084,0.6386555
