0,0.0,0.3449322,0.71428573
1,0.0,0.33964723,0.71428573
2,0.0,0.33462495,0.71428573
3,0.0,0.33321345,0.71428573
4,0.0,0.3367587,0.71428573
5,0.0,0.3357082,0.71428573
6,0.0,0.34578574,0.6722689
7,0.008403362,0.34755835,0.6722689
8,0.0,0.34302846,0.6722689
9,0.008403362,0.34315974,0.6722689
10,0.0,0.34352082,0.6722689
11,0.0,0.3490684,0.697479
12,0.0,0.3445713,0.6722689
13,0.0,0.3420109,0.66386557
14,0.20168068,0.34572023,0.6722689
15,0.0,0.33895814,0.6806723
16,0.0,0.33997577,0.6806723
17,0.05042017,0.34499812,0.6722689
18,0.0,0.3446042,0.7478992
19,0.0,0.3440461,0.6722689
20,0.0,0.34119022,0.6722689
21,0.0,0.33915502,0.6722689
22,0.0,0.33606946,0.6722689
23,0.05882353,0.33810464,0.6722689
24,0.0,0.33258992,0.6722689
25,0.0,0.33127686,0.66386557
26,0.0,0.3409933,0.6722689
27,0.0,0.33853135,0.6722689
28,0.008403362,0.3388268,0.6722689
29,0.025210084,0.34079635,0.6722689
30,0.0,0.33876118,0.6722689
31,0.0,0.33803898,0.66386557
32,0.15966387,0.3386298,0.71428573
33,0.0,0.33803892,0.79831934
34,0.0,0.33515027,0.8907563
35,0.067226894,0.33669308,0.8907563
36,0.0,0.34247038,0.8907563
37,0.0,0.3411574,0.8907563
38,0.0,0.3380062,0.8907563
39,0.067226894,0.33817026,0.8907563
40,0.0,0.33331206,0.66386557
41,0.0,0.33423117,0.6722689
42,0.23529412,0.33790767,0.6722689
43,0.0,0.33291817,0.66386557
44,0.05042017,0.33741525,0.6722689
45,0.0,0.33990997,0.6722689
46,0.0,0.3377107,0.6722689
47,0.0,0.33790767,0.6722689
48,0.075630255,0.34040242,0.6722689
49,0.084033616,0.34306127,0.6722689
50,0.0,0.34151846,0.6722689
51,0.31932774,0.34119022,0.6722689
52,0.042016808,0.3412559,0.6722689
53,0.0,0.33695576,0.6722689
54,0.0,0.34053373,0.6722689
55,0.0,0.33882678,0.6722689
56,0.0,0.33603665,0.8907563
57,0.2857143,0.33915514,0.6722689
58,0.13445379,0.33702144,0.6722689
59,0.084033616,0.34355372,0.6722689
60,0.0,0.33826882,0.6722689
61,0.0,0.3377436,0.6722689
62,0.0,0.3349534,0.6722689
63,0.0,0.336168,0.6722689
64,0.067226894,0.33610234,0.6722689
65,0.0,0.33318081,0.66386557
66,0.0,0.33393583,0.6722689
67,0.0,0.32914326,0.7058824
68,0.0,0.33288535,0.6722689
69,0.31932774,0.34414458,0.6722689
70,0.008403362,0.34007424,0.7815126
71,0.008403362,0.34115747,0.6722689
72,0.0,0.33794057,0.6722689
73,0.042016808,0.3396803,0.6722689
74,0.2184874,0.34073073,0.6722689
75,0.084033616,0.33692294,0.6722689
76,0.067226894,0.33748096,0.6722689
77,0.23529412,0.33964744,0.66386557
78,0.008403362,0.33695576,0.66386557
79,0.27731094,0.33935204,0.66386557
80,0.025210084,0.33675882,0.7058824
81,0.05882353,0.33817032,0.7058824
82,0.0,0.33705425,0.6722689
83,0.0,0.33629927,0.6722689
84,0.075630255,0.34237197,0.6722689
85,0.008403362,0.33734968,0.6722689
86,0.067226894,0.3405666,0.6722689
87,0.0,0.3352817,0.6722689
88,0.067226894,0.33459237,0.6722689
89,0.30252102,0.3366604,0.6722689
90,0.23529412,0.3369558,0.6722689
91,0.075630255,0.33666033,0.6722689
92,0.13445379,0.33817032,0.6722689
93,0.008403362,0.3362664,0.6722689
94,0.11764706,0.33991006,0.6722689
95,0.0,0.34329107,0.6722689
96,0.0,0.34102613,0.6722689
97,0.0,0.34391478,0.7226891
98,0.3277311,0.3401398,0.7226891
99,0.20168068,0.34082916,0.6722689
100,0.3277311,0.34000853,0.6722689
101,0.0,0.33672598,0.66386557
102,0.05882353,0.33803898,0.66386557
103,0.008403362,0.33748096,0.6722689
104,0.26890758,0.33574122,0.6302521
105,0.05042017,0.3375138,0.6554622
106,0.0,0.33472362,0.6554622
107,0.0,0.33692294,0.6722689
108,0.042016808,0.33590537,0.6722689
109,0.0,0.33689013,0.6722689
110,0.13445379,0.33951616,0.6722689
111,0.0,0.33754662,0.6806723
112,0.23529412,0.3391223,0.6722689
113,0.0,0.33652902,0.6722689
114,0.1092437,0.3371199,0.6722689
115,0.1764706,0.33662757,0.6722689
116,0.15966387,0.33846578,0.6722689
117,0.05042017,0.3388925,0.6722689
118,0.3277311,0.3402383,0.6722689
119,0.12605043,0.338597,0.66386557
120,0.0,0.33705422,0.90756303
121,0.008403362,0.33629924,0.90756303
122,0.0,0.3370542,0.66386557
123,0.05882353,0.33455947,0.66386557
124,0.0,0.3346908,0.6722689
125,0.0,0.33495343,0.6722689
126,0.2857143,0.33813754,0.73109245
127,0.2184874,0.33941773,0.73109245
128,0.0,0.33810467,0.73109245
129,0.18487395,0.34109184,0.77310926
130,0.3277311,0.34237203,0.77310926
131,0.26890758,0.33849862,0.77310926
132,0.0,0.33521605,0.77310926
133,0.30252102,0.3370215,0.77310926
134,0.30252102,0.33797345,0.77310926
135,0.15126051,0.3372841,0.77310926
136,0.3277311,0.33938494,0.6722689
137,0.0,0.33695582,0.6722689
138,0.3277311,0.34109187,0.6722689
139,0.0,0.3360695,0.6722689
140,0.20168068,0.33866277,0.6722689
141,0.2857143,0.33981162,0.6722689
142,0.0,0.33820313,0.66386557
143,0.0,0.3349534,0.7058824
144,0.042016808,0.33600384,0.7058824
145,0.12605043,0.33997574,0.7478992
146,0.1764706,0.33948332,0.6722689
147,0.0,0.3361023,0.6722689
148,0.15966387,0.3358069,0.6722689
149,0.008403362,0.33961463,0.66386557
150,0.26050422,0.34256893,0.6722689
151,0.008403362,0.33488774,0.6722689
152,0.3277311,0.3409276,0.6722689
153,0.3277311,0.34076354,0.6722689
154,0.31092438,0.33866268,0.7058824
155,0.21008404,0.33803907,0.6722689
156,0.0,0.33134264,0.6722689
157,0.0,0.3318022,0.6722689
158,0.0,0.3336732,0.6302521
159,0.0,0.3296028,0.6302521
160,0.0,0.3329511,0.5966387
161,0.0,0.33393583,0.6302521
162,0.11764706,0.3337717,0.6302521
163,0.0,0.3301937,0.56302524
164,0.05882353,0.33446103,0.6722689
165,0.26890758,0.33462518,0.6722689
166,0.21008404,0.3337717,0.66386557
167,0.008403362,0.33583972,0.6722689
168,0.26050422,0.33560997,0.6554622
169,0.008403362,0.3352489,0.6722689
170,0.0,0.3341656,0.6722689
171,0.084033616,0.3331152,0.6722689
172,0.084033616,0.33521608,0.68907565
173,0.24369748,0.3356428,0.68907565
174,0.24369748,0.33715275,0.6722689
175,0.0,0.33639774,0.6722689
176,0.0,0.33255717,0.6722689
177,0.0,0.33511758,0.6722689
178,0.008403362,0.33725125,0.6722689
179,0.008403362,0.3396803,0.6722689
180,0.0,0.3389581,0.66386557
181,0.0,0.33551148,0.66386557
182,0.0,0.33922073,0.66386557
183,0.2857143,0.33800623,0.66386557
184,0.3277311,0.33928642,0.697479
185,0.12605043,0.33908948,0.697479
186,0.0,0.3346908,0.66386557
187,0.0,0.33570838,0.66386557
188,0.23529412,0.33613512,0.66386557
189,0.0,0.3357412,0.68907565
190,0.0,0.33485493,0.68907565
191,0.084033616,0.33698866,0.6722689
192,0.0,0.33406717,0.6722689
193,0.0,0.33239302,0.6722689
194,0.025210084,0.33462515,0.6722689
195,0.09243698,0.33409995,0.66386557
196,0.26050422,0.337481,0.6722689
197,0.3277311,0.33623362,0.66386557
198,0.29411766,0.33669317,0.6722689
199,0.26890758,0.3361023,0.6722689
200,0.20168068,0.3368901,0.6722689
