0,0.396,0.50776553,0.614
1,0.396,0.5004531,0.5935
2,0.3195,0.4980625,0.595
3,0.3195,0.50218755,0.5955
4,0.3195,0.50032026,0.577
5,0.3865,0.50091404,0.6035
6,0.3865,0.5029219,0.6165
7,0.3865,0.5041407,0.5885
8,0.351,0.49921882,0.5885
9,0.385,0.49653125,0.5555
10,0.415,0.49706253,0.561
11,0.415,0.49865624,0.605
12,0.415,0.49764842,0.553
13,0.448,0.49972653,0.5295
14,0.447,0.49823436,0.539
15,0.447,0.4991953,0.549
16,0.4045,0.4992109,0.5465
17,0.452,0.49978125,0.546
18,0.4105,0.49910933,0.5845
19,0.4105,0.49934375,0.5785
20,0.409,0.50021875,0.5785
21,0.4085,0.498375,0.5415
22,0.438,0.5031719,0.6085
23,0.4625,0.5012266,0.561
24,0.408,0.49985158,0.5925
25,0.46,0.5029219,0.5645
26,0.385,0.50035155,0.5885
27,0.489,0.50374216,0.588
28,0.4915,0.5039766,0.5925
29,0.433,0.5032734,0.6195
30,0.432,0.5057265,0.6195
31,0.3955,0.5021016,0.5785
32,0.3955,0.5002422,0.5785
33,0.4315,0.49855468,0.5785
34,0.472,0.500375,0.5785
35,0.415,0.49975783,0.545
36,0.4565,0.49928907,0.5405
37,0.4595,0.4995156,0.5155
38,0.3845,0.49974215,0.6045
39,0.421,0.49960154,0.6045
40,0.4565,0.50003904,0.551
41,0.4565,0.50020313,0.545
42,0.487,0.50124216,0.568
43,0.489,0.50037503,0.535
44,0.435,0.50079685,0.6165
45,0.4615,0.5008437,0.578
46,0.4315,0.50053906,0.5515
47,0.478,0.50224215,0.5505
48,0.4105,0.5015703,0.5505
49,0.4395,0.5023906,0.562
50,0.4865,0.5027031,0.5615
51,0.4985,0.5018047,0.537
52,0.3995,0.5002812,0.537
53,0.3995,0.49988282,0.537
54,0.3945,0.49921876,0.526
55,0.4865,0.5001015,0.5165
56,0.457,0.5000859,0.5365
57,0.406,0.4990625,0.523
58,0.411,0.49934375,0.536
59,0.3865,0.49728906,0.524
60,0.4045,0.49840623,0.524
61,0.4045,0.49782032,0.524
62,0.4665,0.50082815,0.5475
63,0.448,0.49991408,0.5475
64,0.448,0.49810937,0.5465
65,0.465,0.50046873,0.5465
66,0.452,0.49833593,0.535
67,0.455,0.49939844,0.5485
68,0.455,0.4984453,0.5115
69,0.455,0.49912497,0.519
70,0.455,0.49936718,0.521
71,0.452,0.49912503,0.52
72,0.388,0.49883595,0.5205
73,0.442,0.49855468,0.515
74,0.4485,0.5014844,0.6175
75,0.494,0.50142187,0.553
76,0.489,0.50017965,0.52
77,0.4955,0.5012969,0.576
78,0.4825,0.5011641,0.5495
79,0.4975,0.5036719,0.628
80,0.4805,0.5010078,0.6
81,0.4825,0.50228906,0.604
82,0.477,0.5027969,0.6465
83,0.488,0.5003203,0.537
84,0.4925,0.50114846,0.541
85,0.4785,0.50051564,0.564
86,0.4785,0.5004219,0.5525
87,0.4735,0.5009922,0.5415
88,0.4475,0.49875,0.5315
89,0.4725,0.50121874,0.5805
90,0.4835,0.5004219,0.5415
91,0.4965,0.5005937,0.5415
92,0.5,0.5001172,0.505
93,0.5,0.50003904,0.5025
94,0.457,0.4991094,0.5
95,0.4985,0.50139064,0.5625
96,0.499,0.5004219,0.528
97,0.4995,0.5005703,0.537
98,0.5,0.50182813,0.579
99,0.4985,0.5013281,0.579
100,0.4985,0.5013281,0.579
101,0.494,0.50007814,0.516
102,0.5,0.5010234,0.5655
103,0.5,0.5,0.5
104,0.5,0.50210154,0.619
105,0.5,0.5022031,0.615
106,0.49,0.50110155,0.573
107,0.4735,0.5002422,0.5335
108,0.4955,0.50048435,0.5235
109,0.4965,0.4999453,0.5
110,0.4875,0.49974218,0.5
111,0.498,0.5004531,0.531
112,0.3845,0.4986797,0.531
113,0.4095,0.49910936,0.531
114,0.4095,0.4992656,0.5425
115,0.4095,0.49828905,0.5155
116,0.4055,0.4980703,0.5425
117,0.4055,0.49789843,0.515
118,0.467,0.49988282,0.5405
119,0.4345,0.4991094,0.5405
120,0.4345,0.4985625,0.5405
121,0.4345,0.49802345,0.5
122,0.3845,0.49759376,0.5
123,0.4625,0.49939844,0.5005
124,0.4345,0.4989375,0.5
125,0.464,0.5001719,0.5285
126,0.4995,0.5007266,0.5285
127,0.498,0.5009922,0.543
128,0.4985,0.5010235,0.543
129,0.499,0.5004531,0.53
130,0.5,0.502211,0.5805
131,0.498,0.5011953,0.5785
132,0.498,0.49996877,0.5
133,0.498,0.49996877,0.5
134,0.498,0.50069535,0.5465
135,0.4935,0.4998594,0.5
136,0.475,0.5000781,0.5375
137,0.48,0.49947655,0.5
138,0.477,0.49964064,0.5
139,0.4865,0.49964064,0.5
140,0.448,0.4991875,0.5
141,0.458,0.49934375,0.5
142,0.47,0.49953127,0.5
143,0.461,0.49885938,0.5
144,0.429,0.49821874,0.5
145,0.419,0.49767968,0.5
146,0.4945,0.49988282,0.5
147,0.4945,0.49983594,0.5
148,0.419,0.4994297,0.54
149,0.419,0.4991875,0.529
150,0.419,0.49976563,0.566
151,0.4945,0.5009062,0.5635
152,0.4435,0.49958593,0.557
153,0.4435,0.49959376,0.5385
154,0.4435,0.49997658,0.5385
155,0.4435,0.4996328,0.5385
156,0.419,0.4996172,0.564
157,0.416,0.49867186,0.564
158,0.416,0.49903905,0.5825
159,0.482,0.50154686,0.5825
160,0.4715,0.49975002,0.5345
161,0.4635,0.50036716,0.582
162,0.378,0.49774998,0.5
163,0.378,0.49826562,0.533
164,0.482,0.4998594,0.509
165,0.482,0.5,0.509
166,0.378,0.49868754,0.52
167,0.378,0.49903905,0.5475
168,0.376,0.4981406,0.5185
169,0.3875,0.49802345,0.5
170,0.37,0.49796093,0.5
171,0.5,0.5,0.5
172,0.5,0.5001719,0.511
173,0.4985,0.5000234,0.503
174,0.5,0.500125,0.505
175,0.5,0.50139064,0.585
176,0.5,0.5006953,0.518
177,0.4415,0.4993281,0.508
178,0.424,0.49902344,0.5095
179,0.479,0.49992186,0.522
180,0.4475,0.49884376,0.546
181,0.446,0.49791408,0.5
182,0.457,0.49925,0.507
183,0.457,0.4989922,0.5
184,0.4785,0.49967968,0.501
185,0.4785,0.49965626,0.501
186,0.459,0.49935156,0.507
187,0.382,0.49948436,0.5815
188,0.459,0.5012578,0.5685
189,0.468,0.50228125,0.602
190,0.5,0.502039,0.571
191,0.4695,0.5014062,0.583
192,0.4885,0.50182813,0.5905
193,0.4885,0.5028047,0.6295
194,0.5,0.50254685,0.631
195,0.5,0.50330466,0.6315
196,0.3805,0.49988285,0.5825
197,0.3805,0.4988125,0.542
198,0.3805,0.4984531,0.523
199,0.406,0.49721095,0.5095
200,0.416,0.4994375,0.551
