0,0.0,0.33469027,0.66386557
1,0.016806724,0.35832474,0.6722689
2,0.0,0.36410204,0.6722689
3,0.1092437,0.36042562,0.6722689
4,0.19327731,0.35228485,0.6722689
5,0.3277311,0.3462449,0.6722689
6,0.3277311,0.3483457,0.6722689
7,0.25210086,0.3390232,0.66386557
8,0.13445379,0.33836675,0.6722689
9,0.12605043,0.3273373,0.6722689
10,0.18487395,0.33508414,0.6722689
11,0.26890758,0.33363977,0.44537815
12,0.29411766,0.33377108,0.44537815
13,0.3277311,0.34742653,0.66386557
14,0.0,0.32996333,0.66386557
15,0.1092437,0.33521542,0.66386557
16,0.0,0.3416493,0.66386557
17,0.3277311,0.34913352,0.66386557
18,0.008403362,0.3438814,0.66386557
19,0.3277311,0.35543603,0.66386557
20,0.0,0.33902317,0.64705884
21,0.008403362,0.33954838,0.6722689
22,0.0,0.33534673,0.6722689
23,0.0,0.33928582,0.6722689
24,0.008403362,0.34348753,0.6722689
25,0.0,0.34401274,0.6722689
26,0.0,0.34414402,0.6722689
27,0.0,0.33613458,0.6722689
28,0.12605043,0.34677008,0.6722689
29,0.2857143,0.3437501,0.6722689
30,0.14285715,0.33731627,0.66386557
31,0.0,0.3379728,0.66386557
32,0.0,0.3346902,0.66386557
33,0.23529412,0.3383667,0.66386557
34,0.22689076,0.3434875,0.66386557
35,0.23529412,0.3432249,0.66386557
36,0.05042017,0.3480831,0.66386557
37,0.11764706,0.34860831,0.66386557
38,0.09243698,0.3445379,0.66386557
39,0.084033616,0.34939617,0.8235294
40,0.0,0.3430936,0.8235294
41,0.21008404,0.35018393,0.8235294
42,0.29411766,0.3438814,0.6722689
43,0.25210086,0.34808314,0.6722689
44,0.3277311,0.34795177,0.66386557
45,0.26050422,0.33862928,0.66386557
46,0.3277311,0.34099272,0.66386557
47,0.15966387,0.33574063,0.66386557
48,0.0,0.3337711,0.66386557
49,0.22689076,0.34112406,0.66386557
50,0.3277311,0.33377105,0.33613446
51,0.3277311,0.34453788,0.6722689
52,0.033613447,0.3399423,0.6722689
53,0.11764706,0.3511031,0.7815126
54,0.15126051,0.3487396,0.7815126
55,0.05042017,0.3383667,0.66386557
56,0.3277311,0.34795177,0.66386557
57,0.3277311,0.34979,0.7815126
58,0.3277311,0.34965873,0.7815126
59,0.3277311,0.34099275,0.66386557
60,0.2857143,0.33981103,0.66386557
61,0.3277311,0.33954838,0.66386557
62,0.30252102,0.34033623,0.66386557
63,0.23529412,0.3345589,0.42016807
64,0.3277311,0.33810404,0.56302524
65,0.3277311,0.33862925,0.56302524
66,0.15126051,0.3357406,0.56302524
67,0.0,0.328519,0.34453782
68,0.12605043,0.33810407,0.6554622
69,0.24369748,0.33876058,0.6554622
70,0.22689076,0.33416498,0.38655463
71,0.0,0.32707465,0.33613446
72,0.23529412,0.33337715,0.33613446
73,0.033613447,0.33403367,0.53781515
74,0.3277311,0.33928576,0.53781515
75,0.26890758,0.34375006,0.66386557
76,0.26050422,0.33889186,0.66386557
77,0.033613447,0.3350841,0.66386557
78,0.3277311,0.34046748,0.66386557
79,0.3277311,0.3442753,0.66386557
80,0.3277311,0.3437501,0.5546219
81,0.05042017,0.335478,0.64705884
82,0.09243698,0.34086144,0.6722689
83,0.3277311,0.34663874,0.6722689
84,0.3277311,0.3408614,0.6722689
85,0.3277311,0.35294127,0.6722689
86,0.3277311,0.34808305,0.75630254
87,0.05042017,0.33718494,0.66386557
88,0.008403362,0.32668075,0.40336135
89,0.3277311,0.33994234,0.5042017
90,0.3277311,0.33784145,0.42857143
91,0.05882353,0.33232677,0.42857143
92,0.3277311,0.3357406,0.3529412
93,0.3277311,0.3402049,0.6554622
94,0.008403362,0.3383667,0.6554622
95,0.008403362,0.33574063,0.6554622
96,0.31092438,0.35057783,0.6554622
97,0.0,0.33731627,0.6554622
98,0.3277311,0.34099272,0.66386557
99,0.3277311,0.3458509,0.66386557
100,0.0,0.3379728,0.66386557
101,0.0,0.34532574,0.8067227
102,0.0,0.34703264,0.8067227
103,0.0,0.3445379,0.8067227
104,0.0,0.33547804,0.60504204
105,0.13445379,0.34663877,0.6722689
106,0.042016808,0.3438814,0.6722689
107,0.3277311,0.34204316,0.6722689
108,0.3277311,0.34755787,0.66386557
109,0.2857143,0.3490022,0.66386557
110,0.0,0.33193287,0.66386557
111,0.20168068,0.344144,0.66386557
112,0.0,0.34125534,0.66386557
113,0.15126051,0.34033623,0.62184876
114,0.042016808,0.33744758,0.6302521
115,0.15966387,0.3345589,0.56302524
116,0.0,0.33048853,0.38655463
117,0.008403362,0.3306198,0.37815127
118,0.0,0.33626586,0.6722689
119,0.3277311,0.3572743,0.6722689
120,0.3277311,0.34703267,0.6722689
121,0.3277311,0.35084045,0.6722689
122,0.3277311,0.34663874,0.6722689
123,0.0,0.3367911,0.6722689
124,0.3277311,0.34611353,0.6722689
125,0.008403362,0.35254738,0.6722689
126,0.3277311,0.35963774,0.6722689
127,0.13445379,0.3482144,0.6722689
128,0.22689076,0.3547795,0.6722689
129,0.075630255,0.34585094,0.6722689
130,0.067226894,0.33744755,0.6722689
131,0.3277311,0.34256837,0.5546219
132,0.31092438,0.33429626,0.3529412
133,0.0,0.3340337,0.6722689
134,0.2184874,0.34952745,0.6722689
135,0.31092438,0.3446692,0.6722689
136,0.3277311,0.33941707,0.6722689
137,0.13445379,0.34191185,0.6722689
138,0.0,0.3345589,0.6722689
139,0.3277311,0.3396797,0.6722689
140,0.26890758,0.33797276,0.6722689
141,0.15126051,0.33679104,0.6722689
142,0.067226894,0.33915448,0.6722689
143,0.0,0.33613455,0.6722689
144,0.3277311,0.3400736,0.6386555
145,0.3277311,0.34755784,0.6386555
146,0.0,0.34440657,0.66386557
147,0.30252102,0.3404675,0.66386557
148,0.3277311,0.3592438,0.6722689
149,0.1092437,0.3433562,0.66386557
150,0.3277311,0.34545702,0.66386557
151,0.0,0.3329833,0.56302524
152,0.29411766,0.34230575,0.6134454
153,0.15126051,0.33889192,0.6554622
154,0.31092438,0.34952748,0.6722689
155,0.0,0.3366598,0.5882353
156,0.23529412,0.34466928,0.6722689
157,0.0,0.34440663,0.6722689
158,0.05882353,0.3391545,0.6722689
159,0.05882353,0.34795183,0.6722689
160,0.0,0.3403363,0.66386557
161,0.29411766,0.3495274,0.66386557
162,0.15966387,0.34558836,0.66386557
163,0.2857143,0.34151796,0.66386557
164,0.31932774,0.33941707,0.68907565
165,0.20168068,0.3392858,0.68907565
166,0.0,0.33245805,0.68907565
167,0.0,0.32576165,0.36134455
168,0.22689076,0.33232674,0.33613446
169,0.3277311,0.3404675,0.66386557
170,0.3277311,0.33455887,0.34453782
171,0.2857143,0.33771014,0.57983196
172,0.3277311,0.33849797,0.57983196
173,0.008403362,0.33363977,0.57983196
174,0.27731094,0.33757883,0.57983196
175,0.3277311,0.3363971,0.47058824
176,0.0,0.34112406,0.6722689
177,0.3277311,0.3444066,0.6722689
178,0.29411766,0.348477,0.6722689
179,0.3277311,0.34073013,0.6722689
180,0.05042017,0.33101374,0.40336135
181,0.3277311,0.33915448,0.52100843
182,0.24369748,0.33981103,0.66386557
183,0.008403362,0.33744755,0.66386557
184,0.21008404,0.34151793,0.66386557
185,0.0,0.33692238,0.6722689
186,0.3277311,0.3451944,0.6722689
187,0.3277311,0.3501839,0.6722689
188,0.3277311,0.34939608,0.66386557
189,0.042016808,0.34965873,0.6722689
190,0.2857143,0.354123,0.66386557
191,0.05042017,0.35084042,0.66386557
192,0.31092438,0.34808308,0.6554622
193,0.067226894,0.3432249,0.66386557
194,0.31092438,0.34269965,0.6554622
195,0.0,0.34296227,0.66386557
196,0.0,0.33876058,0.5714286
197,0.3277311,0.34782046,0.6302521
198,0.2184874,0.35097173,0.6722689
199,0.3277311,0.34571964,0.6722689
200,0.0,0.347164,0.6722689
