0,0.0,0.15616274,0.37988827
1,0.0,0.16244766,0.37988827
2,0.0,0.15834501,0.37988827
3,0.0,0.14586246,0.36871508
4,0.0,0.14315647,0.36871508
5,0.0,0.1602654,0.37988827
6,0.0,0.17658873,0.37988827
7,0.0,0.14708453,0.37988827
8,0.0,0.17004193,0.37988827
9,0.0,0.1419344,0.36871508
10,0.0,0.15721023,0.44134077
11,0.0,0.17248608,0.44134077
12,0.0,0.16593929,0.37988827
13,0.0,0.1702165,0.44134077
14,0.0,0.17126401,0.37988827
15,0.0,0.17815995,0.41899443
16,0.0,0.1696055,0.41899443
17,0.0,0.16000353,0.37988827
18,0.0,0.14525144,0.37988827
19,0.0,0.18077868,0.44134077
20,0.0,0.16829611,0.44134077
21,0.0,0.14944136,0.44134077
22,0.0,0.15005241,0.41340783
23,0.0,0.1602654,0.41340783
24,0.033519555,0.17353357,0.41340783
25,0.0,0.1705657,0.41340783
26,0.0,0.1659393,0.41340783
27,0.044692736,0.16820884,0.36871508
28,0.0,0.15860689,0.36871508
29,0.0,0.15537713,0.36871508
30,0.0,0.17231148,0.36871508
31,0.0,0.16768509,0.36871508
32,0.0,0.15773398,0.36871508
33,0.0,0.1751048,0.38547486
34,0.0,0.17449376,0.38547486
35,0.0,0.17292254,0.38547486
36,0.0,0.14987783,0.38547486
37,0.0,0.14795743,0.38547486
38,0.0,0.16349515,0.38547486
39,0.02793296,0.16349515,0.38547486
40,0.0,0.15048885,0.36871508
41,0.0,0.14900494,0.37988827
42,0.0,0.13957755,0.37988827
43,0.0,0.16253495,0.38547486
44,0.0,0.16122559,0.36871508
45,0.0,0.17370814,0.37430167
46,0.0,0.16035269,0.37430167
47,0.039106146,0.17990577,0.37430167
48,0.016759777,0.15363131,0.36871508
49,0.033519555,0.16820884,0.36871508
50,0.044692736,0.1813897,0.36871508
51,0.044692736,0.17554124,0.44134077
52,0.0,0.17466833,0.44134077
53,0.0,0.15677378,0.424581
54,0.0,0.17353357,0.36871508
55,0.0,0.17475563,0.36871508
56,0.0,0.14219625,0.36871508
57,0.0,0.15668648,0.36871508
58,0.0,0.14402936,0.36871508
59,0.0,0.15406777,0.36871508
60,0.0,0.14804472,0.36871508
61,0.0,0.14769557,0.40223464
62,0.0,0.15398051,0.41340783
63,0.044692736,0.16855802,0.41340783
64,0.0,0.18173888,0.40223464
65,0.0,0.19081709,0.39106146
66,0.016759777,0.18121512,0.39106146
67,0.0,0.17815997,0.39106146
68,0.0,0.18732546,0.39106146
69,0.0,0.17815995,0.39106146
70,0.0,0.17973118,0.39106146
71,0.0,0.15598816,0.39106146
72,0.0,0.17047839,0.39106146
73,0.0,0.18706359,0.39106146
74,0.0,0.1850559,0.424581
75,0.0,0.16506638,0.37988827
76,0.0,0.17973119,0.37988827
77,0.0,0.1648045,0.37988827
78,0.0,0.16611385,0.36871508
79,0.0,0.16462992,0.36871508
80,0.0,0.16925631,0.37430167
81,0.0,0.17362085,0.41340783
82,0.0,0.1585196,0.41340783
83,0.0,0.15406775,0.44692737
84,0.022346368,0.16768508,0.4301676
85,0.0,0.16794696,0.41899443
86,0.0,0.18933314,0.41899443
87,0.0,0.18662715,0.41899443
88,0.0,0.1804295,0.424581
89,0.0,0.1869763,0.36871508
90,0.0,0.18706357,0.424581
91,0.0,0.18365924,0.424581
92,0.0,0.19945885,0.37988827
93,0.0,0.19151542,0.37988827
94,0.0,0.18898396,0.4301676
95,0.0,0.1611383,0.4301676
96,0.022346368,0.16724862,0.4301676
97,0.0,0.16655031,0.4301676
98,0.0,0.16890715,0.36871508
99,0.0,0.1620112,0.36871508
100,0.02793296,0.15363131,0.36871508
101,0.0,0.14682265,0.36871508
102,0.0,0.14560059,0.41899443
103,0.0,0.14167252,0.36871508
104,0.0,0.14167252,0.36871508
105,0.044692736,0.15694837,0.36871508
106,0.0,0.15066345,0.424581
107,0.0,0.14350562,0.36871508
108,0.0,0.14324373,0.36871508
109,0.0,0.15066342,0.44692737
110,0.0,0.16035269,0.36871508
111,0.0,0.17161319,0.37988827
112,0.0,0.15974167,0.37988827
113,0.0,0.15319487,0.36871508
114,0.0,0.18296094,0.36871508
115,0.0,0.16105103,0.36871508
116,0.0,0.1788583,0.4301676
117,0.0,0.17868371,0.44134077
118,0.0,0.16471723,0.36871508
119,0.0,0.16340788,0.40782124
120,0.033519555,0.16934362,0.40782124
121,0.0,0.17554125,0.40223464
122,0.0,0.17562854,0.36871508
123,0.0,0.17178775,0.36871508
124,0.0,0.18889669,0.36871508
125,0.0,0.19919698,0.36871508
126,0.011173184,0.18924586,0.36871508
127,0.039106146,0.17850913,0.36871508
128,0.0,0.15336946,0.36871508
129,0.0,0.14883034,0.36871508
130,0.0,0.1677724,0.36871508
131,0.044692736,0.17362085,0.36871508
132,0.0,0.18086597,0.36871508
133,0.0,0.18086596,0.36871508
134,0.033519555,0.17763622,0.36871508
135,0.0,0.19038063,0.36871508
136,0.0,0.19369768,0.36871508
137,0.0,0.19369768,0.36871508
138,0.0,0.18025494,0.36871508
139,0.0,0.15921791,0.36871508
140,0.0,0.17300981,0.36871508
141,0.0,0.1796439,0.36871508
142,0.005586592,0.18077868,0.36871508
143,0.044692736,0.18138972,0.36871508
144,0.0,0.17362085,0.36871508
145,0.0,0.16899446,0.36871508
146,0.0,0.17292252,0.36871508
147,0.0,0.16070184,0.36871508
148,0.0,0.16148746,0.36871508
149,0.005586592,0.16908173,0.36871508
150,0.0,0.15293299,0.36871508
151,0.0,0.16000351,0.36871508
152,0.0,0.17065297,0.36871508
153,0.0,0.15869416,0.36871508
154,0.0,0.16890715,0.36871508
155,0.0,0.18104054,0.36871508
156,0.044692736,0.19046791,0.424581
157,0.0,0.1888094,0.424581
158,0.0,0.18697628,0.424581
159,0.0,0.17964388,0.424581
160,0.0,0.1794693,0.424581
161,0.0,0.1796439,0.424581
162,0.0,0.18016765,0.424581
163,0.0,0.16314599,0.36871508
164,0.0,0.1611383,0.43575418
165,0.0,0.18671444,0.43575418
166,0.022346368,0.17711248,0.37988827
167,0.044692736,0.18863483,0.37988827
168,0.0,0.19142812,0.38547486
169,0.0,0.19046792,0.38547486
170,0.0,0.18313554,0.40782124
171,0.0,0.17318441,0.38547486
172,0.0,0.17824726,0.38547486
173,0.0,0.17894559,0.38547486
174,0.0,0.18287365,0.37430167
175,0.0,0.1750175,0.37430167
176,0.0,0.15520255,0.37430167
177,0.0,0.15913062,0.37430167
178,0.0,0.15939249,0.36871508
179,0.0,0.1695182,0.38547486
180,0.0,0.17728704,0.38547486
181,0.0,0.18933314,0.36871508
182,0.0,0.1731844,0.4301676
183,0.0,0.17920743,0.4301676
184,0.0,0.18269907,0.4301676
185,0.0,0.181477,0.38547486
186,0.0,0.17615227,0.38547486
187,0.0,0.16646302,0.38547486
188,0.0,0.15694836,0.38547486
189,0.0,0.15782127,0.38547486
190,0.0,0.15686108,0.38547486
191,0.0,0.1620112,0.38547486
192,0.0,0.17877099,0.4301676
193,0.044692736,0.17012924,0.37988827
194,0.044692736,0.17440647,0.37988827
195,0.0,0.16602658,0.37988827
196,0.022346368,0.17004195,0.41899443
197,0.044692736,0.18933316,0.37988827
198,0.0,0.18304823,0.37988827
199,0.0,0.1907298,0.37988827
200,0.0,0.1730971,0.37988827
