0,0.067,0.2384414,0.551
1,0.09625,0.2473281,0.551
2,0.123,0.25702736,0.5685
3,0.05375,0.26960155,0.515
4,0.1105,0.25125387,0.4305
5,0.13675,0.25766405,0.42925
6,0.10475,0.24672267,0.40775
7,0.08275,0.25184375,0.52425
8,0.09,0.25014454,0.35975
9,0.10725,0.2538906,0.4025
10,0.09625,0.25201952,0.49875
11,0.09025,0.24831249,0.49875
12,0.0895,0.24770312,0.432
13,0.11225,0.25118357,0.41425
14,0.1885,0.26301953,0.3815
15,0.1035,0.25616017,0.37875
16,0.11125,0.24730079,0.37725
17,0.1185,0.24730858,0.37725
18,0.14675,0.25325,0.41275
19,0.14725,0.255,0.3765
20,0.09475,0.2543984,0.36275
21,0.12525,0.25677738,0.43475
22,0.0945,0.25189844,0.38825
23,0.168,0.25561717,0.42775
24,0.0615,0.2487539,0.3895
25,0.04625,0.24879298,0.43575
26,0.1265,0.25709373,0.4355
27,0.08025,0.26203907,0.48175
28,0.15575,0.25927347,0.42925
29,0.196,0.26072654,0.498
30,0.16475,0.2615742,0.43925
31,0.12725,0.25694534,0.38275
32,0.11975,0.2484453,0.3765
33,0.175,0.24974607,0.33225
34,0.0265,0.24911328,0.37525
35,0.18075,0.2500039,0.32375
36,0.14175,0.2493789,0.31975
37,0.1695,0.24931641,0.30575
38,0.126,0.251332,0.3665
39,0.185,0.25502735,0.43275
40,0.17975,0.25505468,0.4405
41,0.183,0.25351954,0.39775
42,0.183,0.25122267,0.33275
43,0.12875,0.24667577,0.308
44,0.1685,0.25983202,0.44225
45,0.1575,0.25690234,0.40925
46,0.11,0.25339842,0.391
47,0.12525,0.2544336,0.46175
48,0.22825,0.2587031,0.464
49,0.1815,0.2609258,0.464
50,0.17275,0.25426173,0.464
51,0.17625,0.25726172,0.464
52,0.148,0.25309765,0.464
53,0.19975,0.2564961,0.6205
54,0.16775,0.25496483,0.6205
55,0.2315,0.25782812,0.493
56,0.23125,0.260832,0.493
57,0.25,0.25925002,0.37
58,0.14375,0.25474608,0.4145
59,0.16725,0.25792578,0.51775
60,0.21,0.25947267,0.52825
61,0.22175,0.2595078,0.3925
62,0.1945,0.25682813,0.381
63,0.23875,0.25541016,0.3855
64,0.2365,0.25757423,0.43775
65,0.11225,0.2501953,0.3425
66,0.1565,0.2513164,0.385
67,0.2145,0.25428906,0.376
68,0.25,0.25739455,0.37725
69,0.182,0.2533125,0.337
70,0.1265,0.2519297,0.337
71,0.17025,0.25306642,0.3995
72,0.2105,0.25562498,0.3995
73,0.14575,0.25203124,0.38625
74,0.12225,0.25240237,0.36525
75,0.16925,0.25343752,0.36275
76,0.20875,0.25397265,0.33825
77,0.25,0.25500003,0.33875
78,0.166,0.25211328,0.3385
79,0.20775,0.25797656,0.42625
80,0.19275,0.2557695,0.352
81,0.12725,0.25753123,0.477
82,0.16725,0.2576328,0.4805
83,0.16925,0.2581914,0.4805
84,0.1175,0.25766796,0.483
85,0.1855,0.25852343,0.46125
86,0.21725,0.2532539,0.30425
87,0.1685,0.25371483,0.3675
88,0.134,0.24844922,0.301
89,0.12,0.25380465,0.46
90,0.142,0.25046873,0.36475
91,0.1675,0.25471094,0.3875
92,0.195,0.25300783,0.3875
93,0.2225,0.25072658,0.31075
94,0.1935,0.250957,0.31075
95,0.25,0.2528203,0.31075
96,0.1895,0.2524297,0.43725
97,0.18475,0.25134766,0.32425
98,0.1525,0.24984376,0.32425
99,0.17225,0.24969532,0.32425
100,0.12375,0.2517031,0.3705
101,0.243,0.25633985,0.3705
102,0.1935,0.25021484,0.30925
103,0.17875,0.24957033,0.28075
104,0.19025,0.2504492,0.30975
105,0.162,0.2491211,0.307
106,0.16375,0.25258204,0.4135
107,0.101,0.24766795,0.4135
108,0.08275,0.24833202,0.324
109,0.21675,0.25135157,0.327
110,0.1435,0.25603124,0.46675
111,0.1865,0.25519532,0.4525
112,0.1935,0.25675783,0.4525
113,0.0355,0.24595703,0.38675
114,0.173,0.25122657,0.38675
115,0.1185,0.2474414,0.3965
116,0.1755,0.25083202,0.364
117,0.16425,0.25010937,0.364
118,0.1685,0.25264063,0.39875
119,0.158,0.24830078,0.33875
120,0.15575,0.25078124,0.39375
121,0.122,0.2522891,0.39375
122,0.2375,0.2553906,0.4245
123,0.1675,0.2552656,0.4455
124,0.18275,0.25298437,0.4015
125,0.175,0.25401953,0.4205
126,0.201,0.25294533,0.3925
127,0.242,0.2539375,0.3925
128,0.1605,0.25483203,0.39925
129,0.25,0.2640742,0.4585
130,0.19525,0.25893357,0.4585
131,0.171,0.25390625,0.4585
132,0.2415,0.2557422,0.4585
133,0.2415,0.25894922,0.4585
134,0.1775,0.25645313,0.45125
135,0.10325,0.25748438,0.49725
136,0.209,0.2589219,0.4505
137,0.23125,0.25939453,0.44475
138,0.18075,0.25061327,0.36575
139,0.1815,0.2521914,0.492
140,0.25,0.25602734,0.4725
141,0.21,0.25552344,0.4065
142,0.25,0.258625,0.4065
143,0.17575,0.25304297,0.40675
144,0.16275,0.25234765,0.40675
145,0.2235,0.25688672,0.556
146,0.1825,0.25355077,0.3965
147,0.18425,0.254,0.45175
148,0.172,0.25197655,0.37625
149,0.18425,0.25271094,0.3385
150,0.2185,0.25501952,0.405
151,0.22225,0.254625,0.4685
152,0.18875,0.25375,0.4455
153,0.2135,0.25948828,0.471
154,0.14475,0.2536992,0.47875
155,0.12875,0.25184765,0.428
156,0.1765,0.2501211,0.35675
157,0.14425,0.25045702,0.3735
158,0.1515,0.25054687,0.3735
159,0.1555,0.25101563,0.39225
160,0.2155,0.25567967,0.39225
161,0.2015,0.25103125,0.3735
162,0.15525,0.25260156,0.3735
163,0.1385,0.25221875,0.3735
164,0.22225,0.25715625,0.41825
165,0.25,0.26014844,0.41825
166,0.1805,0.25416017,0.37625
167,0.19175,0.252375,0.375
168,0.2095,0.25980467,0.49775
169,0.033,0.2531797,0.4435
170,0.14975,0.24787891,0.4435
171,0.16225,0.25152734,0.45825
172,0.172,0.2584336,0.561
173,0.129,0.24971876,0.5075
174,0.122,0.25108987,0.35275
175,0.1815,0.25415236,0.37225
176,0.1525,0.25694534,0.4435
177,0.08125,0.2518984,0.38125
178,0.2415,0.25812107,0.38125
179,0.21625,0.25736326,0.50025
180,0.238,0.25705075,0.425
181,0.15525,0.25310546,0.382
182,0.2345,0.25441402,0.371
183,0.219,0.25646093,0.4795
184,0.151,0.2561797,0.4795
185,0.13975,0.25483984,0.4795
186,0.24425,0.2595117,0.4795
187,0.19075,0.258125,0.4795
188,0.2095,0.2574961,0.47975
189,0.13775,0.25098047,0.36775
190,0.20225,0.25567967,0.437
191,0.159,0.2526406,0.37825
192,0.13775,0.25152734,0.37825
193,0.16,0.25207815,0.36475
194,0.2445,0.25528905,0.4235
195,0.1865,0.25016013,0.319
196,0.1565,0.25122267,0.316
197,0.165,0.25141406,0.32575
198,0.22025,0.25798437,0.3845
199,0.21025,0.25221094,0.344
200,0.1805,0.2524922,0.3535
