0,0.367,0.50051564,0.6045
1,0.3535,0.5019765,0.682
2,0.3535,0.504789,0.6625
3,0.3535,0.5053203,0.705
4,0.3535,0.50623435,0.6095
5,0.3535,0.5027812,0.589
6,0.366,0.50630456,0.585
7,0.366,0.5000781,0.5905
8,0.418,0.5031015,0.5905
9,0.416,0.500375,0.6295
10,0.4255,0.50312495,0.6295
11,0.426,0.5062891,0.586
12,0.3825,0.50165623,0.586
13,0.4345,0.5018672,0.5675
14,0.4345,0.49842966,0.614
15,0.4035,0.4928281,0.5595
16,0.3925,0.50004685,0.607
17,0.3925,0.50197655,0.668
18,0.4005,0.49901563,0.7045
19,0.3925,0.50017184,0.668
20,0.4505,0.5035781,0.61
21,0.433,0.50530475,0.6495
22,0.4045,0.5014609,0.592
23,0.4045,0.50051564,0.609
24,0.3215,0.49275005,0.5505
25,0.3905,0.4951641,0.5775
26,0.4225,0.4953125,0.561
27,0.4225,0.49731255,0.561
28,0.4215,0.49911717,0.561
29,0.4215,0.5008828,0.577
30,0.4275,0.50288284,0.577
31,0.45,0.5005781,0.574
32,0.3895,0.5008984,0.5675
33,0.4085,0.498125,0.5675
34,0.346,0.49825782,0.558
35,0.346,0.49789846,0.6025
36,0.346,0.49913287,0.6235
37,0.3595,0.49964845,0.605
38,0.3595,0.49825782,0.5595
39,0.473,0.50314844,0.5905
40,0.3825,0.5004453,0.596
41,0.3825,0.49898434,0.5635
42,0.3825,0.5008515,0.6455
43,0.3825,0.49948436,0.5615
44,0.4165,0.50022656,0.589
45,0.457,0.50165623,0.597
46,0.489,0.5026484,0.6125
47,0.473,0.5033125,0.6125
48,0.4705,0.50198436,0.5945
49,0.4435,0.5021797,0.615
50,0.4715,0.5038594,0.636
51,0.484,0.5029219,0.639
52,0.4755,0.5033047,0.639
53,0.39,0.50003123,0.5815
54,0.434,0.49998435,0.5735
55,0.39,0.49747655,0.5735
56,0.345,0.49727345,0.5925
57,0.388,0.4980625,0.59
58,0.4175,0.50110155,0.594
59,0.451,0.500125,0.564
60,0.4365,0.50003123,0.548
61,0.454,0.49963284,0.548
62,0.4175,0.49891403,0.564
63,0.395,0.49919528,0.564
64,0.4055,0.49861717,0.609
65,0.4085,0.49689063,0.5045
66,0.3995,0.49834374,0.5225
67,0.4605,0.49960938,0.5445
68,0.4575,0.49958593,0.5695
69,0.4225,0.4955781,0.5
70,0.462,0.49753127,0.51
71,0.461,0.49958593,0.608
72,0.461,0.4994375,0.554
73,0.431,0.4985547,0.526
74,0.4565,0.49882033,0.538
75,0.462,0.49907812,0.532
76,0.3865,0.4979453,0.519
77,0.4025,0.49828908,0.5055
78,0.4025,0.49792188,0.509
79,0.4025,0.49850783,0.509
80,0.4025,0.4993984,0.5455
81,0.4025,0.49889842,0.5255
82,0.47,0.50008595,0.526
83,0.47,0.49975783,0.5185
84,0.4945,0.50023437,0.52
85,0.5,0.50057036,0.521
86,0.47,0.5001563,0.537
87,0.476,0.4992656,0.504
88,0.4675,0.49935937,0.5115
89,0.462,0.4991328,0.5115
90,0.4325,0.49853906,0.504
91,0.456,0.50039846,0.5745
92,0.4005,0.49714845,0.5
93,0.453,0.50108594,0.6095
94,0.453,0.50070316,0.6095
95,0.459,0.49927342,0.5305
96,0.4795,0.49995315,0.5305
97,0.442,0.49980468,0.548
98,0.442,0.5003125,0.548
99,0.442,0.50033593,0.5505
100,0.442,0.5009922,0.6215
101,0.4865,0.50034374,0.5355
102,0.5,0.5005547,0.5355
103,0.424,0.49930468,0.5315
104,0.424,0.49740624,0.5
105,0.4165,0.49670315,0.504
106,0.442,0.49905467,0.5
107,0.442,0.49907812,0.5
108,0.4615,0.49932814,0.5
109,0.4455,0.4995547,0.526
110,0.4455,0.5011875,0.6045
111,0.4455,0.5013672,0.601
112,0.467,0.50104684,0.6
113,0.4455,0.500414,0.6
114,0.4455,0.49885154,0.501
115,0.402,0.49786717,0.512
116,0.4455,0.50034374,0.5925
117,0.3965,0.4978281,0.519
118,0.4495,0.50017965,0.6135
119,0.4495,0.49841407,0.5
120,0.4825,0.49978122,0.504
121,0.4685,0.4995547,0.533
122,0.412,0.49822658,0.5135
123,0.4665,0.49911717,0.5085
124,0.412,0.49836716,0.514
125,0.4855,0.49978125,0.5065
126,0.456,0.49909374,0.504
127,0.458,0.4988281,0.5
128,0.4285,0.49845314,0.5065
129,0.407,0.49775782,0.5025
130,0.4585,0.4993125,0.5045
131,0.496,0.50141406,0.5895
132,0.3965,0.4985,0.531
133,0.389,0.49990627,0.5795
134,0.4255,0.50033593,0.5795
135,0.4155,0.4996094,0.5375
136,0.4175,0.49932814,0.5375
137,0.3905,0.49896875,0.5435
138,0.406,0.49921095,0.5435
139,0.406,0.49921095,0.5435
140,0.406,0.4995469,0.565
141,0.4745,0.49957812,0.506
142,0.463,0.49907032,0.5035
143,0.4855,0.50198436,0.6455
144,0.484,0.5028281,0.6455
145,0.427,0.49929687,0.552
146,0.464,0.499375,0.5085
147,0.4925,0.49988282,0.5
148,0.428,0.499625,0.542
149,0.428,0.49966404,0.542
150,0.5,0.5000234,0.5015
151,0.5,0.5004375,0.528
152,0.5,0.5014375,0.564
153,0.4975,0.5018203,0.591
154,0.428,0.49978906,0.597
155,0.486,0.5002734,0.534
156,0.5,0.50184375,0.557
157,0.5,0.5018828,0.574
158,0.395,0.501,0.574
159,0.5,0.50136715,0.5515
160,0.486,0.50152344,0.5515
161,0.4645,0.5005703,0.5515
162,0.463,0.5005469,0.5515
163,0.4615,0.5005469,0.5875
164,0.5,0.50124216,0.5575
165,0.4625,0.50047654,0.5575
166,0.456,0.50050783,0.5765
167,0.5,0.50154686,0.574
168,0.4745,0.50078124,0.573
169,0.4475,0.5007031,0.557
170,0.4475,0.49993747,0.557
171,0.4705,0.4999922,0.533
172,0.4705,0.49967968,0.5225
173,0.5,0.50053906,0.5175
174,0.3995,0.49884376,0.5245
175,0.3995,0.49728125,0.5245
176,0.42,0.4991953,0.5245
177,0.4455,0.50009376,0.542
178,0.4455,0.49959376,0.5335
179,0.4875,0.5002891,0.5465
180,0.479,0.4994453,0.504
181,0.4855,0.5001406,0.5275
182,0.467,0.50022656,0.5715
183,0.4875,0.50003123,0.5245
184,0.495,0.50033593,0.5245
185,0.4945,0.5002422,0.519
186,0.4665,0.49995312,0.535
187,0.454,0.50025,0.538
188,0.4955,0.5009297,0.539
189,0.4295,0.4985625,0.5
190,0.478,0.49932814,0.5065
191,0.496,0.5006797,0.55
192,0.4965,0.50196874,0.572
193,0.4925,0.50078124,0.542
194,0.4825,0.5013125,0.55
195,0.4965,0.5025078,0.5535
196,0.392,0.49907815,0.5415
197,0.5,0.5006094,0.5195
198,0.3575,0.49852344,0.532
199,0.3525,0.49714842,0.5025
200,0.487,0.49982813,0.5025
