0,0.0,0.14891765,0.36871508
1,0.0,0.15799586,0.36871508
2,0.0,0.1667249,0.36871508
3,0.0,0.17266065,0.36871508
4,0.0,0.17170046,0.37988827
5,0.0,0.18828566,0.37430167
6,0.0,0.19230102,0.37430167
7,0.0,0.19972071,0.36871508
8,0.0,0.18863481,0.36871508
9,0.0,0.1749302,0.36871508
10,0.0,0.16864529,0.36871508
11,0.0,0.16515367,0.36871508
12,0.039106146,0.16943091,0.36871508
13,0.022346368,0.19299935,0.37430167
14,0.0,0.17719977,0.37430167
15,0.0,0.1649791,0.39106146
16,0.0,0.18217534,0.39106146
17,0.0,0.18182616,0.39106146
18,0.0,0.18950774,0.39106146
19,0.0,0.18060409,0.37430167
20,0.0,0.17990577,0.37430167
21,0.0,0.18409571,0.37430167
22,0.0,0.18121512,0.37430167
23,0.0,0.17370814,0.37430167
24,0.0,0.1823499,0.37430167
25,0.0,0.18828566,0.37430167
26,0.0,0.17423189,0.39106146
27,0.0,0.17187504,0.36871508
28,0.0,0.17527938,0.37430167
29,0.033519555,0.19020605,0.37430167
30,0.0,0.17309712,0.37430167
31,0.0,0.18208805,0.37430167
32,0.0,0.17999306,0.36871508
33,0.0,0.17807268,0.36871508
34,0.0,0.17030382,0.36871508
35,0.0,0.16602658,0.36871508
36,0.0,0.1621858,0.36871508
37,0.0,0.1743192,0.36871508
38,0.044692736,0.1797312,0.36871508
39,0.0,0.17466834,0.36871508
40,0.0,0.18470675,0.36871508
41,0.0,0.18706359,0.4301676
42,0.0,0.17274794,0.4301676
43,0.0,0.17204963,0.36871508
44,0.0,0.17946933,0.36871508
45,0.0,0.16969278,0.36871508
46,0.0,0.17030382,0.36871508
47,0.0,0.1649791,0.36871508
48,0.0,0.16689949,0.36871508
49,0.0,0.15886876,0.36871508
50,0.044692736,0.18095326,0.36871508
51,0.0,0.18557966,0.36871508
52,0.044692736,0.1853178,0.36871508
53,0.0,0.18112785,0.36871508
54,0.044692736,0.18034223,0.36871508
55,0.0,0.20120467,0.36871508
56,0.0,0.20504545,0.36871508
57,0.033519555,0.19884782,0.36871508
58,0.0,0.20076822,0.36871508
59,0.0,0.19483246,0.36871508
60,0.044692736,0.20469628,0.36871508
61,0.0,0.20312504,0.36871508
62,0.0,0.19361039,0.36871508
63,0.044692736,0.19701472,0.36871508
64,0.0,0.19963343,0.36871508
65,0.0,0.21359992,0.36871508
66,0.0,0.19509432,0.36871508
67,0.0,0.19046792,0.36871508
68,0.016759777,0.19535619,0.36871508
69,0.0,0.19169,0.36871508
70,0.0,0.20748957,0.4301676
71,0.0,0.20155382,0.41899443
72,0.05586592,0.20574376,0.41899443
73,0.039106146,0.21333803,0.4301676
74,0.0,0.20181568,0.4301676
75,0.0,0.22215438,0.4301676
76,0.0,0.21185409,0.4301676
77,0.0,0.20120466,0.36871508
78,0.0,0.20347421,0.36871508
79,0.0,0.19352308,0.4301676
80,0.0,0.18645255,0.36871508
81,0.0,0.20103008,0.37988827
82,0.044692736,0.20469628,0.37988827
83,0.0,0.20225216,0.37988827
84,0.0,0.20906082,0.41899443
85,0.0,0.21150494,0.41899443
86,0.044692736,0.21429825,0.41899443
87,0.0,0.19640368,0.36871508
88,0.0,0.2017284,0.36871508
89,0.044692736,0.19526891,0.36871508
90,0.0,0.17850913,0.36871508
91,0.0,0.17554125,0.38547486
92,0.0,0.18653986,0.38547486
93,0.0,0.18296096,0.38547486
94,0.044692736,0.18671446,0.38547486
95,0.0,0.18243721,0.38547486
96,0.044692736,0.19003148,0.38547486
97,0.0,0.18723819,0.38547486
98,0.0,0.18357198,0.38547486
99,0.02793296,0.1750175,0.38547486
100,0.0,0.16323328,0.38547486
101,0.0,0.1879365,0.38547486
102,0.005586592,0.19186458,0.36871508
103,0.0,0.18496862,0.38547486
104,0.0,0.19483244,0.38547486
105,0.0,0.18758734,0.38547486
106,0.05586592,0.19457059,0.38547486
107,0.0,0.20024447,0.38547486
108,0.044692736,0.19937156,0.38547486
109,0.044692736,0.20862436,0.38547486
110,0.0,0.20687854,0.424581
111,0.0,0.20888624,0.424581
112,0.044692736,0.21534574,0.37988827
113,0.05027933,0.2221544,0.37988827
114,0.0,0.2192738,0.37988827
115,0.0,0.21831359,0.424581
116,0.0,0.22206709,0.424581
117,0.0,0.20783874,0.37988827
118,0.005586592,0.21761526,0.4301676
119,0.0,0.19814949,0.4301676
120,0.0,0.18819837,0.4301676
121,0.0,0.18121512,0.4301676
122,0.0,0.17746164,0.4301676
123,0.0,0.1870636,0.36871508
124,0.005586592,0.19832407,0.36871508
125,0.0,0.1888967,0.36871508
126,0.0,0.1916027,0.36871508
127,0.0,0.18750004,0.37430167
128,0.0,0.19954614,0.36871508
129,0.0,0.1915154,0.424581
130,0.016759777,0.18802378,0.424581
131,0.0,0.18619068,0.4301676
132,0.044692736,0.19937155,0.4301676
133,0.022346368,0.19299933,0.424581
134,0.0,0.18461946,0.424581
135,0.0,0.17458104,0.424581
136,0.0,0.17754892,0.41899443
137,0.0,0.18741274,0.41899443
138,0.0,0.19561806,0.41899443
139,0.0,0.19038063,0.36871508
140,0.044692736,0.20748958,0.37988827
141,0.0,0.20766416,0.37988827
142,0.0,0.2074896,0.38547486
143,0.0,0.21403639,0.38547486
144,0.0,0.19762576,0.39664805
145,0.0,0.19858596,0.39664805
146,0.0,0.194396,0.39664805
147,0.0,0.1916027,0.39664805
148,0.0,0.18828568,0.39664805
149,0.044692736,0.20391066,0.39664805
150,0.016759777,0.20801333,0.39664805
151,0.044692736,0.2128143,0.39664805
152,0.0,0.21656778,0.4301676
153,0.0,0.21333805,0.37988827
154,0.0,0.22520955,0.44134077
155,0.0,0.23306571,0.44134077
156,0.044692736,0.22320189,0.44134077
157,0.02793296,0.22119418,0.44134077
158,0.0,0.20478356,0.44134077
159,0.0,0.20618021,0.44134077
160,0.044692736,0.22398749,0.44134077
161,0.044692736,0.21901193,0.48603353
162,0.05027933,0.22267812,0.48603353
163,0.0,0.21770257,0.48603353
164,0.0,0.23271653,0.48603353
165,0.05586592,0.22346374,0.48603353
166,0.0,0.21578218,0.48603353
167,0.044692736,0.21770257,0.48603353
168,0.044692736,0.19788761,0.48603353
169,0.02793296,0.2108939,0.48603353
170,0.0,0.21639322,0.40223464
171,0.0,0.18680172,0.36871508
172,0.0,0.19596723,0.4301676
173,0.044692736,0.20600563,0.4301676
174,0.022346368,0.20836248,0.4301676
175,0.0,0.21211597,0.36871508
176,0.0,0.21307617,0.36871508
177,0.005586592,0.22520955,0.4301676
178,0.0,0.21386178,0.4301676
179,0.0,0.22451122,0.424581
180,0.0,0.2156076,0.424581
181,0.044692736,0.21857546,0.4301676
182,0.0,0.2071404,0.4301676
183,0.0,0.19483244,0.4301676
184,0.0,0.19361037,0.4301676
185,0.0,0.1979749,0.4301676
186,0.0,0.19038065,0.37988827
187,0.044692736,0.19282478,0.37988827
188,0.0,0.19177727,0.38547486
189,0.0,0.19945885,0.39664805
190,0.0,0.19430871,0.39664805
191,0.0,0.19090438,0.37430167
192,0.0,0.18182617,0.37430167
193,0.0,0.18723819,0.37430167
194,0.0,0.18907128,0.37430167
195,0.0,0.1962291,0.37430167
196,0.039106146,0.20076822,0.37430167
197,0.0,0.18784922,0.36871508
198,0.0,0.18802379,0.36871508
199,0.0,0.17519209,0.36871508
200,0.0,0.17248607,0.36871508
