0,0.0,0.325893,0.64705884
1,0.0,0.33731633,0.66386557
2,0.008403362,0.34650752,0.66386557
3,0.0,0.33363986,0.66386557
4,0.0,0.33639717,0.5882353
5,0.0,0.32300436,0.5882353
6,0.0,0.3360033,0.6722689
7,0.0,0.3399424,0.6722689
8,0.008403362,0.32904425,0.6722689
9,0.008403362,0.33784148,0.6722689
10,0.0,0.3360032,0.6722689
11,0.0,0.33153895,0.6722689
12,0.0,0.33285198,0.6722689
13,0.09243698,0.33153895,0.6722689
14,0.2857143,0.34164923,0.6722689
15,0.0,0.33849797,0.6722689
16,0.0,0.34309363,0.6722689
17,0.0,0.34335622,0.6722689
18,0.2857143,0.33981103,0.53781515
19,0.20168068,0.33495283,0.5882353
20,0.26050422,0.3395484,0.57983196
21,0.27731094,0.33613452,0.53781515
22,0.15126051,0.33048853,0.36134455
23,0.15126051,0.3344276,0.66386557
24,0.0,0.3190652,0.36134455
25,0.0,0.32641816,0.36134455
26,0.26890758,0.33744758,0.6386555
27,0.0,0.33009467,0.40336135
28,0.0,0.3278625,0.47058824
29,0.0,0.3274686,0.6722689
30,0.0,0.33731633,0.6722689
31,0.0,0.34099278,0.6722689
32,0.0,0.33928582,0.6722689
33,0.0,0.3286503,0.6722689
34,0.0,0.33180156,0.66386557
35,0.0,0.33679107,0.66386557
36,0.0,0.34375012,0.66386557
37,0.008403362,0.3329833,0.62184876
38,0.008403362,0.33482152,0.62184876
39,0.008403362,0.3386293,0.62184876
40,0.0,0.33495283,0.66386557
41,0.0,0.3282564,0.6722689
42,0.025210084,0.33679104,0.66386557
43,0.2857143,0.3390232,0.53781515
44,0.2857143,0.34191185,0.66386557
45,0.0,0.3342963,0.6722689
46,0.31092438,0.3440127,0.6722689
47,0.0,0.3382354,0.6722689
48,0.3277311,0.33902317,0.6722689
49,0.0,0.32825637,0.33613446
50,0.05042017,0.3400736,0.6722689
51,0.3277311,0.3461135,0.66386557
52,0.3277311,0.34086138,0.5294118
53,0.3277311,0.33981097,0.5294118
54,0.025210084,0.32970068,0.52100843
55,0.0,0.3194591,0.33613446
56,0.0,0.32746857,0.57983196
57,0.0,0.33101374,0.57983196
58,0.0,0.32891285,0.33613446
59,0.0,0.3281251,0.6722689
60,0.0,0.32891285,0.33613446
61,0.0,0.33167025,0.53781515
62,0.042016808,0.32878155,0.33613446
63,0.0,0.32812506,0.33613446
64,0.0,0.33245808,0.6722689
65,0.042016808,0.32681203,0.33613446
66,0.2857143,0.33718497,0.5966387
67,0.09243698,0.3399423,0.6722689
68,0.09243698,0.34755787,0.6722689
69,0.2857143,0.3436188,0.6722689
70,0.0,0.33272067,0.66386557
71,0.0,0.33692238,0.66386557
72,0.2857143,0.34138665,0.66386557
73,0.0,0.33337715,0.6386555
74,0.26890758,0.3403362,0.6386555
75,0.0,0.34690136,0.66386557
76,0.0,0.33849797,0.66386557
77,0.0,0.3479518,0.6722689
78,0.0,0.34755787,0.66386557
79,0.0,0.33613455,0.66386557
80,0.3277311,0.33994228,0.66386557
81,0.30252102,0.33876058,0.66386557
82,0.30252102,0.3399423,0.66386557
83,0.0,0.33140764,0.45378152
84,0.13445379,0.33311456,0.45378152
85,0.3277311,0.34138662,0.66386557
86,0.3277311,0.34847698,0.6722689
87,0.21008404,0.33665973,0.6554622
88,0.21008404,0.34204316,0.6722689
89,0.067226894,0.33718494,0.6554622
90,0.09243698,0.3379728,0.66386557
91,0.067226894,0.33232677,0.66386557
92,0.0,0.33928582,0.66386557
93,0.0,0.3346902,0.66386557
94,0.025210084,0.33416498,0.6302521
95,0.3277311,0.3402049,0.6302521
96,0.23529412,0.34821442,0.6722689
97,0.2857143,0.34939614,0.6722689
98,0.05042017,0.3445379,0.6722689
99,0.05042017,0.34020492,0.6722689
100,0.27731094,0.34296227,0.66386557
101,0.25210086,0.33705366,0.6722689
102,0.25210086,0.3360032,0.6722689
103,0.008403362,0.3240547,0.33613446
104,0.26890758,0.33180153,0.33613446
105,0.0,0.32878155,0.33613446
106,0.30252102,0.33915445,0.6554622
107,0.11764706,0.33350846,0.6554622
108,0.24369748,0.33363977,0.3697479
109,0.05042017,0.33127633,0.46218488
110,0.25210086,0.3392858,0.56302524
111,0.11764706,0.3310137,0.38655463
112,0.11764706,0.33075112,0.38655463
113,0.11764706,0.33127633,0.38655463
114,0.11764706,0.33167022,0.38655463
115,0.12605043,0.3310137,0.38655463
116,0.3277311,0.33495277,0.38655463
117,0.3277311,0.33442757,0.34453782
118,0.3277311,0.33455887,0.33613446
119,0.3277311,0.33587188,0.4117647
120,0.3277311,0.3412553,0.6722689
121,0.3277311,0.3358719,0.4117647
122,0.3277311,0.3405988,0.6722689
123,0.3277311,0.33941707,0.6722689
124,0.3277311,0.33954838,0.6722689
125,0.3277311,0.3396797,0.6722689
126,0.3277311,0.3363971,0.46218488
127,0.3277311,0.3363971,0.46218488
128,0.3277311,0.33429626,0.33613446
129,0.31932774,0.34453788,0.6722689
130,0.3277311,0.33941707,0.66386557
131,0.3277311,0.33954838,0.6722689
132,0.067226894,0.335478,0.6722689
133,0.23529412,0.33810407,0.6722689
134,0.008403362,0.33298326,0.66386557
135,0.3277311,0.33941707,0.6722689
136,0.3277311,0.3396797,0.6722689
137,0.31092438,0.33954838,0.6722689
138,0.31092438,0.33941707,0.6722689
139,0.3277311,0.33954838,0.66386557
140,0.3277311,0.33941707,0.66386557
141,0.12605043,0.3310137,0.33613446
142,0.3277311,0.33941707,0.6722689
143,0.3277311,0.33941707,0.6722689
144,0.3277311,0.33941707,0.6722689
145,0.3277311,0.3446692,0.6722689
146,0.12605043,0.3360032,0.6722689
147,0.11764706,0.3360032,0.66386557
148,0.09243698,0.32707465,0.33613446
149,0.13445379,0.33915448,0.66386557
150,0.13445379,0.33350846,0.5294118
151,0.13445379,0.32865027,0.33613446
152,0.0,0.32681203,0.33613446
153,0.19327731,0.3319328,0.33613446
154,0.3277311,0.3371849,0.5294118
155,0.008403362,0.32930678,0.5294118
156,0.1764706,0.33731624,0.66386557
157,0.0,0.32825637,0.33613446
158,0.0,0.33009458,0.37815127
159,0.0,0.33075112,0.5462185
160,0.0,0.3299633,0.5462185
161,0.0,0.33022588,0.42016807
162,0.3277311,0.33941707,0.6722689
163,0.3277311,0.34453788,0.6722689
164,0.3277311,0.34440657,0.6722689
165,0.3277311,0.33928576,0.6722689
166,0.3277311,0.33416495,0.33613446
167,0.3277311,0.33416495,0.33613446
168,0.0,0.32878155,0.33613446
169,0.0,0.32996327,0.4117647
170,0.0,0.33390236,0.5966387
171,0.0,0.33390236,0.5966387
172,0.3277311,0.33377105,0.33613446
173,0.3277311,0.33363977,0.33613446
174,0.0,0.32904416,0.3697479
175,0.3277311,0.33639714,0.5126051
176,0.008403362,0.33127636,0.5126051
177,0.3277311,0.33363977,0.33613446
178,0.3277311,0.33337715,0.33613446
179,0.3277311,0.33363977,0.34453782
180,0.3277311,0.34322488,0.6722689
181,0.3277311,0.33876058,0.6722689
182,0.084033616,0.33403367,0.62184876
183,0.3277311,0.33784145,0.62184876
184,0.3277311,0.3388919,0.62184876
185,0.3277311,0.34112403,0.62184876
186,0.2857143,0.33731624,0.62184876
187,0.3277311,0.3399423,0.62184876
188,0.3277311,0.3405988,0.6554622
189,0.3277311,0.33928576,0.6806723
190,0.3277311,0.33797276,0.62184876
191,0.05882353,0.3342963,0.62184876
192,0.05882353,0.33377108,0.62184876
193,0.05882353,0.32759985,0.60504204
194,0.05882353,0.328519,0.5966387
195,0.30252102,0.34020492,0.66386557
196,0.30252102,0.3360032,0.52100843
197,0.30252102,0.33810407,0.66386557
198,0.30252102,0.33639714,0.5462185
199,0.30252102,0.33652845,0.5546219
200,0.30252102,0.33639714,0.5546219
