0,0.0,0.31407574,0.6302521
1,0.0,0.31565142,0.57983196
2,0.0,0.3212974,0.6134454
3,0.0,0.3161766,0.6134454
4,0.0,0.32589298,0.66386557
5,0.0,0.32392344,0.6134454
6,0.15126051,0.33140767,0.6134454
7,0.0,0.32996336,0.7058824
8,0.05042017,0.33429638,0.7058824
9,0.05042017,0.33127642,0.7058824
10,0.0,0.33193293,0.7058824
11,0.033613447,0.32865036,0.7058824
12,0.033613447,0.3412554,0.7058824
13,0.033613447,0.3369224,0.7058824
14,0.2857143,0.34873962,0.7058824
15,0.0,0.34952748,0.6722689
16,0.0,0.33915454,0.6722689
17,0.0,0.32773122,0.6722689
18,0.0,0.3239234,0.38655463
19,0.0,0.31959042,0.3529412
20,0.0,0.30764192,0.3529412
21,0.0,0.3193278,0.33613446
22,0.042016808,0.3251051,0.33613446
23,0.09243698,0.33101374,0.6134454
24,0.0,0.3294381,0.6386555
25,0.067226894,0.33587193,0.6386555
26,0.0,0.32878157,0.6386555
27,0.067226894,0.32891285,0.33613446
28,0.042016808,0.32786244,0.33613446
29,0.3277311,0.33285195,0.33613446
30,0.0,0.32930678,0.49579832
31,0.0,0.3283877,0.5882353
32,0.24369748,0.3412553,0.6386555
33,0.0,0.3294381,0.6806723
34,0.3277311,0.33954838,0.6806723
35,0.31092438,0.33862928,0.6806723
36,0.084033616,0.3402049,0.6806723
37,0.3277311,0.34808305,0.6806723
38,0.3277311,0.34322485,0.6806723
39,0.3277311,0.34900218,0.6806723
40,0.14285715,0.3358719,0.6806723
41,0.05882353,0.33206415,0.6806723
42,0.09243698,0.32878157,0.34453782
43,0.09243698,0.33311456,0.6134454
44,0.09243698,0.32615554,0.34453782
45,0.042016808,0.3293068,0.6134454
46,0.0,0.3240547,0.34453782
47,0.09243698,0.33180156,0.62184876
48,0.09243698,0.33416498,0.62184876
49,0.05042017,0.32983202,0.62184876
50,0.05042017,0.33521542,0.6806723
51,0.0,0.33022594,0.6806723
52,0.0,0.3297007,0.6806723
53,0.05042017,0.3243173,0.6806723
54,0.05882353,0.33167022,0.6806723
55,0.09243698,0.33245805,0.6806723
56,0.0,0.33206415,0.6806723
57,0.0,0.332852,0.66386557
58,0.0,0.33731624,0.66386557
59,0.27731094,0.33613452,0.66386557
60,0.0,0.33547807,0.66386557
61,0.008403362,0.33232677,0.66386557
62,0.2857143,0.33731627,0.66386557
63,0.26890758,0.33757886,0.66386557
64,0.15966387,0.3348215,0.66386557
65,0.025210084,0.3331146,0.66386557
66,0.0,0.3243173,0.66386557
67,0.008403362,0.32759988,0.66386557
68,0.2857143,0.34112403,0.66386557
69,0.09243698,0.33258933,0.6554622
70,0.0,0.33219543,0.66386557
71,0.0,0.32878157,0.47058824
72,0.0,0.33547807,0.7058824
73,0.0,0.32865033,0.7058824
74,0.0,0.33508414,0.66386557
75,0.0,0.3327207,0.66386557
76,0.0,0.33416504,0.66386557
77,0.30252102,0.339811,0.56302524
78,0.0,0.33705372,0.68907565
79,0.0,0.3340337,0.68907565
80,0.15966387,0.33140764,0.38655463
81,0.15966387,0.33665973,0.7058824
82,0.0,0.33560938,0.66386557
83,0.15966387,0.3304885,0.38655463
84,0.16806723,0.34151793,0.66386557
85,0.084033616,0.33731624,0.8907563
86,0.16806723,0.33285198,0.5126051
87,0.008403362,0.33180156,0.6722689
88,0.0,0.32733732,0.6722689
89,0.0,0.32602426,0.6722689
90,0.0,0.32379213,0.6722689
91,0.0,0.32681206,0.6722689
92,0.31092438,0.33757886,0.6722689
93,0.042016808,0.334165,0.6722689
94,0.0,0.3374476,0.6722689
95,0.0,0.32983205,0.6722689
96,0.0,0.32891288,0.6134454
97,0.0,0.32904422,0.66386557
98,0.0,0.33639717,0.6722689
99,0.0,0.34519446,0.6722689
100,0.0,0.34519446,0.6722689
101,0.15966387,0.33902317,0.6302521
102,0.15966387,0.3399423,0.6554622
103,0.15966387,0.33981103,0.66386557
104,0.2857143,0.33731624,0.6554622
105,0.0,0.3345589,0.6554622
106,0.008403362,0.33495283,0.6554622
107,0.084033616,0.32641816,0.5966387
108,0.12605043,0.32930678,0.33613446
109,0.05882353,0.32812503,0.60504204
110,0.05882353,0.32668072,0.34453782
111,0.09243698,0.32733724,0.34453782
112,0.042016808,0.32759988,0.60504204
113,0.09243698,0.32904416,0.33613446
114,0.3277311,0.34256834,0.64705884
115,0.0,0.33272067,0.66386557
116,0.05882353,0.33245805,0.64705884
117,0.10084034,0.3412553,0.6134454
118,0.12605043,0.33258936,0.60504204
119,0.23529412,0.34558833,0.6302521
120,0.11764706,0.33311456,0.6302521
121,0.23529412,0.34033623,0.7478992
122,0.0,0.33574063,0.85714287
123,0.0,0.32602426,0.85714287
124,0.0,0.3092175,0.3697479
125,0.0,0.3237921,0.3697479
126,0.008403362,0.32970068,0.3697479
127,0.084033616,0.3306198,0.34453782
128,0.24369748,0.33311456,0.34453782
129,0.3277311,0.33705363,0.48739496
130,0.0,0.32549903,0.49579832
131,0.016806724,0.32602423,0.49579832
132,0.025210084,0.33324584,0.71428573
133,0.008403362,0.32812506,0.52100843
134,0.05882353,0.33232674,0.60504204
135,0.05882353,0.32930678,0.33613446
136,0.2857143,0.3342963,0.4369748
137,0.15126051,0.33574063,0.6134454
138,0.15126051,0.3412553,0.60504204
139,0.0,0.33311456,0.5966387
140,0.0,0.33416498,0.5966387
141,0.0,0.33587193,0.6134454
142,0.10084034,0.34650746,0.66386557
143,0.0,0.33495283,0.66386557
144,0.12605043,0.32943812,0.5882353
145,0.15126051,0.3332459,0.66386557
146,0.16806723,0.33652845,0.66386557
147,0.12605043,0.3387606,0.66386557
148,0.23529412,0.338498,0.6722689
149,0.26050422,0.33797276,0.6722689
150,0.20168068,0.33587193,0.6722689
151,0.20168068,0.33587193,0.6722689
152,0.21008404,0.3370537,0.6722689
153,0.1764706,0.33652845,0.6722689
154,0.20168068,0.33705366,0.6722689
155,0.3277311,0.33823535,0.6134454
156,0.3277311,0.3404675,0.66386557
157,0.075630255,0.339811,0.66386557
158,0.0,0.32996333,0.66386557
159,0.075630255,0.33521542,0.66386557
160,0.075630255,0.3350841,0.66386557
161,0.075630255,0.33455887,0.66386557
162,0.075630255,0.3350841,0.6554622
163,0.075630255,0.32641813,0.33613446
164,0.0,0.3291755,0.46218488
165,0.26050422,0.339811,0.66386557
166,0.0,0.33771017,0.66386557
167,0.075630255,0.33718497,0.6722689
168,0.3277311,0.34112403,0.6722689
169,0.3277311,0.33469018,0.38655463
170,0.3277311,0.34099272,0.66386557
171,0.26890758,0.34519443,0.66386557
172,0.26890758,0.34348747,0.66386557
173,0.3277311,0.3400736,0.66386557
174,0.3277311,0.3495274,0.66386557
175,0.3277311,0.34059882,0.66386557
176,0.0,0.33153892,0.6386555
177,0.0,0.32733724,0.3697479
178,0.0,0.32681203,0.3697479
179,0.0,0.32300428,0.5294118
180,0.0,0.319853,0.5294118
181,0.15966387,0.33075112,0.33613446
182,0.12605043,0.3300946,0.33613446
183,0.025210084,0.328519,0.33613446
184,0.0,0.32221645,0.33613446
185,0.31092438,0.33731624,0.60504204
186,0.3277311,0.34545702,0.6722689
187,0.0,0.32759985,0.48739496
188,0.0,0.32681206,0.48739496
189,0.0,0.32694334,0.48739496
190,0.075630255,0.33035722,0.48739496
191,0.075630255,0.32641813,0.33613446
192,0.075630255,0.32812506,0.33613446
193,0.075630255,0.328519,0.33613446
194,0.075630255,0.32825637,0.33613446
195,0.075630255,0.33219546,0.5882353
196,0.075630255,0.3302259,0.49579832
197,0.26050422,0.3342963,0.49579832
198,0.11764706,0.33337718,0.5882353
199,0.15126051,0.3360032,0.5462185
200,0.11764706,0.3379728,0.6722689
