0,0.0,0.32708323,0.64444447
1,0.0,0.33611098,0.6666667
2,0.0,0.33159718,0.6666667
3,0.0,0.33506936,0.6666667
4,0.0,0.32638887,0.6666667
5,0.0,0.3302083,0.64444447
6,0.022222223,0.3277778,0.82222223
7,0.022222223,0.3305556,0.82222223
8,0.06666667,0.3434028,0.82222223
9,0.0,0.33541664,0.82222223
10,0.0,0.3486111,0.82222223
11,0.0,0.33784723,0.82222223
12,0.044444446,0.34375,0.82222223
13,0.044444446,0.34062502,0.82222223
14,0.11111111,0.33194447,0.5777778
15,0.11111111,0.33819446,0.6666667
16,0.11111111,0.34027782,0.9111111
17,0.11111111,0.33576393,0.62222224
18,0.2888889,0.34201393,0.62222224
19,0.15555556,0.33645838,0.62222224
20,0.044444446,0.33333337,0.6
21,0.044444446,0.33125007,0.44444445
22,0.11111111,0.33125004,0.37777779
23,0.11111111,0.3350695,0.6666667
24,0.044444446,0.33645833,0.6666667
25,0.0,0.33333334,0.62222224
26,0.0,0.33923614,0.62222224
27,0.0,0.3517361,0.6666667
28,0.0,0.3284722,0.6666667
29,0.0,0.32222223,0.5555556
30,0.0,0.33576384,0.6666667
31,0.0,0.32013887,0.64444447
32,0.0,0.33368054,0.6666667
33,0.0,0.3368055,0.6666667
34,0.0,0.34444442,0.6666667
35,0.0,0.34340277,0.6666667
36,0.0,0.31875005,0.33333334
37,0.022222223,0.32673612,0.51111114
38,0.0,0.31875002,0.62222224
39,0.022222223,0.33159724,0.5777778
40,0.022222223,0.31909725,0.5555556
41,0.0,0.3277778,0.64444447
42,0.0,0.32569444,0.51111114
43,0.11111111,0.32916674,0.33333334
44,0.22222222,0.33576393,0.64444447
45,0.0,0.3229167,0.33333334
46,0.0,0.3277778,0.64444447
47,0.0,0.3267361,0.51111114
48,0.0,0.33020836,0.62222224
49,0.0,0.32569447,0.6888889
50,0.0,0.32638893,0.37777779
51,0.2888889,0.3381945,0.64444447
52,0.2888889,0.3413195,0.64444447
53,0.33333334,0.33402783,0.35555556
54,0.0,0.32986116,0.5555556
55,0.15555556,0.33368063,0.4888889
56,0.0,0.3420139,0.64444447
57,0.0,0.32534727,0.35555556
58,0.0,0.3416667,0.64444447
59,0.26666668,0.3440973,0.62222224
60,0.26666668,0.3388889,0.5777778
61,0.26666668,0.33680558,0.5555556
62,0.11111111,0.32881948,0.46666667
63,0.0,0.3295139,0.44444445
64,0.0,0.32534724,0.5555556
65,0.0,0.33159724,0.5555556
66,0.0,0.33263892,0.62222224
67,0.044444446,0.33263892,0.62222224
68,0.2888889,0.33645838,0.62222224
69,0.2888889,0.33263892,0.37777779
70,0.0,0.3322917,0.5555556
71,0.0,0.3166667,0.42222223
72,0.0,0.33229166,0.5555556
73,0.022222223,0.33680555,0.6666667
74,0.022222223,0.33472225,0.62222224
75,0.022222223,0.34375003,0.62222224
76,0.022222223,0.34305558,0.5777778
77,0.0,0.33749998,0.5555556
78,0.33333334,0.3475694,0.5555556
79,0.0,0.334375,0.6666667
80,0.0,0.33090279,0.6666667
81,0.022222223,0.3371528,0.6666667
82,0.0,0.33715278,0.64444447
83,0.0,0.32569444,0.64444447
84,0.0,0.32534724,0.6666667
85,0.0,0.33159724,0.6666667
86,0.0,0.3309028,0.62222224
87,0.044444446,0.33680558,0.6666667
88,0.044444446,0.33263892,0.62222224
89,0.044444446,0.33333337,0.5555556
90,0.33333334,0.33680558,0.5555556
91,0.22222222,0.34409723,0.6666667
92,0.22222222,0.34409723,0.6666667
93,0.22222222,0.33888894,0.64444447
94,0.2,0.3381945,0.64444447
95,0.31111112,0.3430556,0.73333335
96,0.33333334,0.3434028,0.73333335
97,0.33333334,0.34340277,0.6666667
98,0.22222222,0.33784723,0.6666667
99,0.06666667,0.32916668,0.4
100,0.0,0.32500005,0.4
101,0.0,0.3197917,0.4
102,0.0,0.32500005,0.4
103,0.0,0.3298611,0.4
104,0.0,0.3291667,0.64444447
105,0.0,0.32881945,0.37777779
106,0.044444446,0.33437502,0.6666667
107,0.31111112,0.3336806,0.37777779
108,0.33333334,0.3340278,0.37777779
109,0.06666667,0.32951397,0.35555556
110,0.06666667,0.3315973,0.4888889
111,0.0,0.32986116,0.5555556
112,0.0,0.32638896,0.4888889
113,0.2,0.3354167,0.6666667
114,0.2,0.33645838,0.6666667
115,0.2888889,0.33784726,0.6666667
116,0.26666668,0.33750004,0.6666667
117,0.26666668,0.33784726,0.6666667
118,0.26666668,0.33784726,0.6666667
119,0.26666668,0.33229172,0.33333334
120,0.26666668,0.33298615,0.37777779
121,0.11111111,0.3288195,0.33333334
122,0.2888889,0.33229172,0.33333334
123,0.31111112,0.3350695,0.46666667
124,0.24444444,0.33159727,0.33333334
125,0.33333334,0.3336806,0.35555556
126,0.31111112,0.33298618,0.33333334
127,0.33333334,0.3385417,0.64444447
128,0.15555556,0.33645838,0.62222224
129,0.33333334,0.34270835,0.64444447
130,0.15555556,0.34062502,0.6666667
131,0.15555556,0.34270835,0.6666667
132,0.0,0.33854166,0.6666667
133,0.13333334,0.3388889,0.6666667
134,0.15555556,0.34618056,0.6888889
135,0.022222223,0.3454861,0.6666667
136,0.022222223,0.34618056,0.6666667
137,0.0,0.34999996,0.6666667
138,0.0,0.3378472,0.6666667
139,0.0,0.34131947,0.6666667
140,0.0,0.33680555,0.6666667
141,0.33333334,0.34270835,0.64444447
142,0.33333334,0.33645836,0.53333336
143,0.0,0.33298612,0.6666667
144,0.33333334,0.3388889,0.62222224
145,0.33333334,0.3423611,0.6666667
146,0.33333334,0.34375003,0.62222224
147,0.0,0.33298615,0.62222224
148,0.0,0.33750004,0.64444447
149,0.33333334,0.33784726,0.62222224
150,0.0,0.32847223,0.6666667
151,0.0,0.32847226,0.35555556
152,0.33333334,0.33333337,0.33333334
153,0.31111112,0.3381945,0.6666667
154,0.31111112,0.3381945,0.6666667
155,0.31111112,0.3381945,0.6666667
156,0.0,0.33819446,0.6666667
157,0.2888889,0.3461806,0.6666667
158,0.0,0.33854166,0.6666667
159,0.0,0.3399305,0.6666667
160,0.0,0.33402777,0.6666667
161,0.0,0.33159724,0.5555556
162,0.0,0.33159724,0.5555556
163,0.33333334,0.33333337,0.33333334
164,0.31111112,0.33298618,0.33333334
165,0.0,0.32777783,0.33333334
166,0.0,0.32048616,0.33333334
167,0.0,0.32465282,0.33333334
168,0.0,0.32812503,0.33333334
169,0.0,0.32777783,0.33333334
170,0.0,0.3225695,0.33333334
171,0.0,0.32777783,0.33333334
172,0.0,0.32777783,0.33333334
173,0.0,0.3229167,0.33333334
174,0.33333334,0.33333337,0.33333334
175,0.022222223,0.3284723,0.33333334
176,0.022222223,0.3288195,0.35555556
177,0.022222223,0.3288195,0.35555556
178,0.022222223,0.3288195,0.35555556
179,0.33333334,0.3385417,0.6666667
180,0.33333334,0.33750004,0.6
181,0.33333334,0.33333337,0.33333334
182,0.33333334,0.33333337,0.33333334
183,0.33333334,0.33333337,0.33333334
184,0.022222223,0.3284723,0.33333334
185,0.0,0.32812503,0.33333334
186,0.33333334,0.33333337,0.33333334
187,0.31111112,0.33298618,0.33333334
188,0.0,0.32777783,0.33333334
189,0.0,0.32812503,0.33333334
190,0.33333334,0.33333337,0.33333334
191,0.33333334,0.33333337,0.33333334
192,0.33333334,0.33333337,0.33333334
193,0.0,0.3256945,0.33333334
194,0.0,0.32812503,0.33333334
195,0.0,0.3263889,0.5555556
196,0.022222223,0.3319445,0.5555556
197,0.022222223,0.3284723,0.33333334
198,0.022222223,0.3284723,0.33333334
199,0.33333334,0.33333337,0.33333334
200,0.33333334,0.33333337,0.33333334
