0,0.034,0.24615622,0.5075
1,0.034,0.2518994,0.5075
2,0.034,0.2552656,0.516
3,0.04925,0.259584,0.5145
4,0.05425,0.2560488,0.515
5,0.06325,0.25302342,0.50475
6,0.02575,0.25376856,0.51125
7,0.02575,0.25369823,0.51175
8,0.098,0.2568838,0.5665
9,0.021,0.2557588,0.5575
10,0.04575,0.253293,0.55325
11,0.03375,0.25371194,0.4615
12,0.03375,0.25310355,0.523
13,0.07475,0.251625,0.5425
14,0.08125,0.249917,0.541
15,0.07975,0.25304195,0.43975
16,0.0685,0.25358295,0.53375
17,0.02475,0.2512207,0.5075
18,0.0685,0.2538506,0.53125
19,0.0685,0.25565037,0.54375
20,0.048,0.2552207,0.46675
21,0.05525,0.2538965,0.45575
22,0.0685,0.2567988,0.475
23,0.125,0.25531927,0.46825
24,0.12175,0.2502305,0.41375
25,0.054,0.25257418,0.4545
26,0.054,0.25410545,0.4635
27,0.054,0.2542861,0.53475
28,0.054,0.2529561,0.4635
29,0.054,0.24778712,0.536
30,0.03975,0.24870607,0.43225
31,0.05175,0.24849121,0.39125
32,0.01975,0.24739261,0.41975
33,0.09375,0.24859276,0.41975
34,0.0435,0.2498418,0.38225
35,0.0435,0.24936716,0.4135
36,0.047,0.25001854,0.40175
37,0.029,0.2503301,0.40375
38,0.08175,0.24831739,0.3965
39,0.11775,0.24890138,0.40375
40,0.0945,0.24968848,0.446
41,0.0285,0.24965039,0.40325
42,0.0285,0.25040427,0.4315
43,0.0285,0.25062796,0.571
44,0.0655,0.24872656,0.45075
45,0.09025,0.25097948,0.51175
46,0.09525,0.25032422,0.45525
47,0.13025,0.24962206,0.468
48,0.09,0.25086814,0.46825
49,0.0925,0.24974026,0.3315
50,0.0925,0.24997753,0.36225
51,0.01525,0.24770994,0.2945
52,0.033,0.24876855,0.30525
53,0.0965,0.24920215,0.4185
54,0.145,0.24885353,0.32075
55,0.08075,0.24922559,0.30225
56,0.09775,0.24835546,0.2795
57,0.12625,0.24936816,0.41475
58,0.137,0.24923925,0.28075
59,0.137,0.24900684,0.30675
60,0.1805,0.24984863,0.306
61,0.18275,0.24966308,0.2895
62,0.18825,0.25013182,0.3525
63,0.1745,0.2492373,0.38275
64,0.1795,0.24911915,0.372
65,0.1735,0.24972558,0.372
66,0.18925,0.25054297,0.38
67,0.182,0.25035545,0.374
68,0.1785,0.25050196,0.386
69,0.1275,0.25055176,0.386
70,0.1275,0.24947852,0.31125
71,0.1275,0.24927734,0.27025
72,0.17925,0.24969336,0.255
73,0.1965,0.2499502,0.282
74,0.1745,0.25037986,0.36425
75,0.1745,0.25011817,0.35575
76,0.1745,0.2503457,0.361
77,0.12925,0.2505996,0.42525
78,0.14275,0.25000197,0.34575
79,0.23325,0.2503672,0.34575
80,0.239,0.25054687,0.32725
81,0.143,0.24982715,0.32375
82,0.14125,0.2499463,0.32375
83,0.18725,0.2505029,0.369
84,0.1365,0.25042966,0.351
85,0.15775,0.2504209,0.351
86,0.1895,0.2510078,0.3805
87,0.1895,0.25106153,0.3805
88,0.12325,0.2503594,0.3805
89,0.12325,0.2505713,0.435
90,0.163,0.2503633,0.435
91,0.25,0.25093457,0.435
92,0.04075,0.25007227,0.49
93,0.2255,0.25141308,0.462
94,0.20875,0.25191602,0.52225
95,0.22325,0.25156936,0.4545
96,0.224,0.25099608,0.4545
97,0.097,0.25059277,0.51275
98,0.09,0.2500879,0.42125
99,0.09,0.25031543,0.42125
100,0.18,0.25057518,0.3915
101,0.15525,0.24980958,0.3435
102,0.14825,0.24987304,0.34675
103,0.18625,0.2500459,0.331
104,0.18625,0.2506914,0.4205
105,0.17075,0.25011426,0.3585
106,0.17175,0.24988574,0.2825
107,0.12975,0.2495,0.296
108,0.12975,0.24997362,0.3505
109,0.1235,0.25006348,0.3495
110,0.1235,0.24953027,0.26675
111,0.1235,0.24951367,0.26675
112,0.23525,0.24994239,0.25
113,0.234,0.2499375,0.25
114,0.2405,0.2499629,0.25
115,0.20225,0.24981347,0.25
116,0.20225,0.24981347,0.25
117,0.20225,0.24981347,0.25
118,0.20225,0.24981347,0.25
119,0.2275,0.24991211,0.25
120,0.23925,0.24995801,0.25
121,0.21775,0.24982813,0.25
122,0.25,0.25,0.25
123,0.25,0.2508164,0.385
124,0.25,0.25043947,0.3515
125,0.25,0.25052735,0.385
126,0.25,0.25052735,0.385
127,0.25,0.25004297,0.261
128,0.25,0.2500449,0.2615
129,0.2275,0.2500205,0.27375
130,0.25,0.2500752,0.26925
131,0.25,0.25020313,0.302
132,0.25,0.2503916,0.326
133,0.18425,0.24990626,0.298
134,0.18425,0.24983008,0.298
135,0.25,0.25022656,0.298
136,0.25,0.25026366,0.3175
137,0.25,0.25026366,0.3175
138,0.25,0.2502666,0.31825
139,0.25,0.2502666,0.31825
140,0.25,0.2503828,0.348
141,0.25,0.2503828,0.348
142,0.13125,0.24953613,0.25
143,0.13125,0.24943164,0.25
144,0.12975,0.24953027,0.25
145,0.12975,0.24953027,0.25
146,0.18975,0.24976465,0.25
147,0.18975,0.24976465,0.25
148,0.18975,0.24976465,0.25
149,0.18975,0.24976465,0.25
150,0.19375,0.24978027,0.25
151,0.19375,0.24978027,0.25
152,0.19375,0.2495879,0.25
153,0.20075,0.24980763,0.25
154,0.25,0.25,0.25
155,0.25,0.25019237,0.29925
156,0.25,0.25,0.25
157,0.25,0.25,0.25
158,0.25,0.25,0.25
159,0.25,0.25,0.25
160,0.25,0.25029492,0.3255
161,0.25,0.25029492,0.3255
162,0.25,0.25057325,0.3255
163,0.25,0.25057325,0.3255
164,0.212,0.25014648,0.3255
165,0.212,0.25020018,0.33925
166,0.21175,0.25019726,0.33875
167,0.21175,0.25019726,0.33875
168,0.25,0.25039062,0.33875
169,0.25,0.25050685,0.36475
170,0.25,0.25050685,0.36475
171,0.25,0.2505332,0.3865
172,0.25,0.2505332,0.3865
173,0.0065,0.24977636,0.43625
174,0.0065,0.24900782,0.25
175,0.131,0.24975489,0.30625
176,0.0065,0.24922852,0.3065
177,0.25,0.25037402,0.30625
178,0.17625,0.2502627,0.3645
179,0.25,0.2510127,0.369
180,0.1795,0.24992676,0.36925
181,0.13675,0.24978223,0.375
182,0.13375,0.25003418,0.375
183,0.09175,0.24987012,0.375
184,0.09425,0.25011718,0.3745
185,0.17625,0.25019825,0.3745
186,0.17625,0.24984863,0.35875
187,0.131,0.24966797,0.35875
188,0.19725,0.25047168,0.35875
189,0.2095,0.2504131,0.35975
190,0.2095,0.24994043,0.32575
191,0.2095,0.25001857,0.32575
192,0.2335,0.24994726,0.264
193,0.25,0.25043947,0.31125
194,0.18825,0.25004882,0.31175
195,0.17675,0.24984668,0.35525
196,0.231,0.25024316,0.35525
197,0.243,0.25070998,0.3555
198,0.243,0.2502383,0.30975
199,0.243,0.25027245,0.32675
200,0.25,0.2502998,0.32675
